# FONLL heavy quark hadroproduction cross section, calculated on Tue Jun 10 18:00:36 CEST 2025
# FONLL version and perturbative order: ## FONLL v1.3.4 fonll [ds/dpt^2dy (pb/GeV^2)]
# quark = charm
# final state = meson (meson = D0). NP params (cm,lm,hm) = 0.1, 0.06, 0.135
# BR(q->meson) = 1
# ebeam1 = 6500, ebeam2 = 6500
# PDF set = NNPDF30_nlo_as_0118
# ptmin = 0
# ptmax = 1
# ymin  = 2.0
# ymax  = 2.5
# Uncertainties from scales, masses, PDFs combined quadratically
# cross section is sigma (pb)
# ptmin ptmax central min max min_sc max_sc min_mass max_mass min_pdf max_pdf fr=.5 .5 fr=2 2 fr=2 1 fr=1 2 fr=1 .5 fr=.5 1
0.0000 1.0000 7.4490e+07 -1.5830e+07 2.3645e+08 9.8810e+06 2.1840e+08 5.9880e+07 9.0240e+07 1.3090e+07 1.4710e+08 3.4220e+07 1.0980e+08 1.4890e+08 3.9520e+07 2.1840e+08 9.8810e+06
1.0000 1.5000 5.8960e+07 -3.6318e+05 1.5157e+08 6.7070e+06 1.4630e+08 4.5280e+07 7.7600e+07 3.4430e+07 8.3490e+07 1.8320e+07 7.8050e+07 1.1810e+08 3.2900e+07 1.4630e+08 6.7070e+06
1.5000 2.0000 5.2290e+07 6.8801e+06 1.2121e+08 9.8310e+06 1.1830e+08 4.0410e+07 6.8850e+07 4.1420e+07 6.3160e+07 2.4710e+07 6.2810e+07 9.8270e+07 3.0170e+07 1.1830e+08 9.8310e+06
2.0000 2.5000 4.0100e+07 9.4585e+06 8.5581e+07 1.1020e+07 8.3780e+07 3.1620e+07 5.1890e+07 3.5480e+07 4.4740e+07 2.5140e+07 4.4480e+07 6.9270e+07 2.3960e+07 8.3780e+07 1.1020e+07
2.5000 3.0000 2.8900e+07 9.2712e+06 5.7661e+07 1.0220e+07 5.6510e+07 2.3260e+07 3.6670e+07 2.6770e+07 3.1030e+07 2.1540e+07 3.0220e+07 4.6240e+07 1.7830e+07 5.6510e+07 1.0220e+07
3.0000 3.5000 2.0360e+07 7.9334e+06 3.8454e+07 8.5410e+06 3.7700e+07 1.6680e+07 2.5410e+07 1.9270e+07 2.1460e+07 1.6910e+07 2.0440e+07 3.0640e+07 1.2940e+07 3.7700e+07 8.5410e+06
3.5000 4.0000 1.4290e+07 6.4394e+06 2.5763e+07 6.8410e+06 2.5270e+07 1.1890e+07 1.7560e+07 1.3670e+07 1.4900e+07 1.2870e+07 1.3980e+07 2.0530e+07 9.3140e+06 2.5270e+07 6.8410e+06
4.0000 5.0000 1.7350e+07 9.0821e+06 2.9637e+07 9.5320e+06 2.9100e+07 1.4730e+07 2.0890e+07 1.6740e+07 1.7960e+07 1.6920e+07 1.6610e+07 2.3740e+07 1.1670e+07 2.9100e+07 9.5320e+06
5.0000 6.0000 9.1560e+06 5.5379e+06 1.4701e+07 5.7540e+06 1.4460e+07 7.9550e+06 1.0750e+07 8.8830e+06 9.4290e+06 9.5840e+06 8.5870e+06 1.1880e+07 6.3890e+06 1.4460e+07 5.7540e+06
6.0000 7.0000 5.1100e+06 3.4038e+06 7.8203e+06 3.5140e+06 7.7040e+06 4.5230e+06 5.8830e+06 4.9710e+06 5.2490e+06 5.5740e+06 4.7320e+06 6.3710e+06 3.6720e+06 7.7040e+06 3.5140e+06
7.0000 8.0000 2.9970e+06 2.1325e+06 4.4129e+06 2.1910e+06 4.3530e+06 2.6940e+06 3.3970e+06 2.9200e+06 3.0750e+06 3.3420e+06 2.7540e+06 3.6270e+06 2.2070e+06 4.3530e+06 2.1910e+06
8.0000 9.0000 1.8370e+06 1.3485e+06 2.6175e+06 1.3800e+06 2.5850e+06 1.6710e+06 2.0550e+06 1.7900e+06 1.8830e+06 2.0690e+06 1.6790e+06 2.1700e+06 1.3800e+06 2.5850e+06 1.4010e+06
9.0000 10.0000 1.1690e+06 8.7618e+05 1.6225e+06 8.9320e+05 1.6040e+06 1.0750e+06 1.2940e+06 1.1400e+06 1.1980e+06 1.3240e+06 1.0650e+06 1.3560e+06 8.9320e+05 1.6040e+06 9.2090e+05
10.0000 12.0000 1.2900e+06 9.8901e+05 1.7362e+06 1.0050e+06 1.7180e+06 1.1990e+06 1.4120e+06 1.2570e+06 1.3220e+06 1.4670e+06 1.1720e+06 1.4650e+06 1.0050e+06 1.7180e+06 1.0520e+06
