# FONLL heavy quark hadroproduction cross section, calculated on Tue Jun 10 18:00:36 CEST 2025
# FONLL version and perturbative order: ## FONLL v1.3.4 fonll [ds/dpt^2dy (pb/GeV^2)]
# quark = charm
# final state = meson (meson = D0). NP params (cm,lm,hm) = 0.1, 0.06, 0.135
# BR(q->meson) = 1
# ebeam1 = 6500, ebeam2 = 6500
# PDF set = NNPDF30_nlo_as_0118
# ptmin = 0
# ptmax = 1
# ymin  = 3.0
# ymax  = 3.5
# Uncertainties from scales, masses, PDFs combined quadratically
# cross section is sigma (pb)
# ptmin ptmax central min max min_sc max_sc min_mass max_mass min_pdf max_pdf fr=.5 .5 fr=2 2 fr=2 1 fr=1 2 fr=1 .5 fr=.5 1
0.0000 1.0000 9.1720e+07 -2.1418e+07 3.0957e+08 2.2610e+07 2.6610e+08 6.9330e+07 1.2090e+08 4.9860e+06 2.1900e+08 8.0220e+07 1.1720e+08 1.6870e+08 4.9000e+07 2.6610e+08 2.2610e+07
1.0000 2.0000 1.1320e+08 -6.9258e+05 2.8631e+08 2.5270e+07 2.6740e+08 8.5100e+07 1.5360e+08 4.6490e+07 1.8070e+08 6.5910e+07 1.3140e+08 2.0400e+08 6.4450e+07 2.6740e+08 2.5270e+07
2.0000 3.0000 6.1920e+07 1.8038e+07 1.2987e+08 2.2380e+07 1.2580e+08 4.8720e+07 8.0560e+07 4.8210e+07 7.5650e+07 4.8870e+07 6.3700e+07 9.8750e+07 3.7540e+07 1.2580e+08 2.2380e+07
3.0000 4.0000 2.8950e+07 1.2792e+07 5.3914e+07 1.3970e+07 5.2640e+07 2.3700e+07 3.6220e+07 2.5930e+07 3.1970e+07 2.7000e+07 2.7760e+07 4.1330e+07 1.8580e+07 5.2640e+07 1.3970e+07
4.0000 5.0000 1.3800e+07 7.5486e+06 2.3668e+07 7.9970e+06 2.3180e+07 1.1640e+07 1.6740e+07 1.2940e+07 1.4660e+07 1.4200e+07 1.2850e+07 1.8390e+07 9.2750e+06 2.3180e+07 7.9970e+06
5.0000 6.0000 7.0040e+06 4.3791e+06 1.1287e+07 4.5770e+06 1.1080e+07 6.0540e+06 8.2800e+06 6.6920e+06 7.3170e+06 7.6310e+06 6.4190e+06 8.8940e+06 4.8830e+06 1.1080e+07 4.5770e+06
6.0000 7.0000 3.7810e+06 2.5864e+06 5.8043e+06 2.6830e+06 5.7090e+06 3.3310e+06 4.3790e+06 3.6430e+06 3.9180e+06 4.2610e+06 3.4330e+06 4.6300e+06 2.7140e+06 5.7090e+06 2.6830e+06
7.0000 8.0000 2.1520e+06 1.5360e+06 3.1773e+06 1.5830e+06 3.1300e+06 1.9260e+06 2.4520e+06 2.0840e+06 2.2210e+06 2.4690e+06 1.9430e+06 2.5640e+06 1.5830e+06 3.1300e+06 1.6160e+06
8.0000 10.0000 2.0780e+06 1.5324e+06 2.9408e+06 1.5690e+06 2.9020e+06 1.8910e+06 2.3270e+06 2.0180e+06 2.1370e+06 2.4030e+06 1.8670e+06 2.4050e+06 1.5690e+06 2.9020e+06 1.6420e+06
10.0000 12.0000 8.4620e+05 6.4716e+05 1.1432e+06 6.5840e+05 1.1300e+06 7.8410e+05 9.3080e+05 8.2400e+05 8.6850e+05 9.8220e+05 7.5850e+05 9.5100e+05 6.5840e+05 1.1300e+06 7.0410e+05
12.0000 14.0000 3.8630e+05 3.0321e+05 5.0456e+05 3.0730e+05 4.9930e+05 3.6240e+05 4.1980e+05 3.7670e+05 3.9600e+05 4.4810e+05 3.4600e+05 4.2540e+05 3.0730e+05 4.9930e+05 3.3290e+05
14.0000 16.0000 1.9260e+05 1.5407e+05 2.4517e+05 1.5580e+05 2.4280e+05 1.8220e+05 2.0750e+05 1.8790e+05 1.9720e+05 2.2280e+05 1.7240e+05 2.0890e+05 1.5580e+05 2.4280e+05 1.7020e+05
16.0000 20.0000 1.6110e+05 1.3141e+05 1.9994e+05 1.3260e+05 1.9810e+05 1.5370e+05 1.7230e+05 1.5730e+05 1.6490e+05 1.8560e+05 1.4430e+05 1.7230e+05 1.3260e+05 1.9810e+05 1.4590e+05
20.0000 23.5000 5.1270e+04 4.2653e+04 6.1981e+04 4.2980e+04 6.1420e+04 4.9250e+04 5.4470e+04 5.0070e+04 5.2480e+04 5.8710e+04 4.5940e+04 5.4020e+04 4.2980e+04 6.1420e+04 4.7580e+04