# FONLL heavy quark hadroproduction cross section, calculated on Tue Nov 26 10:05:43 CET 2024
# FONLL version and perturbative order: ## FONLL v1.4.0 fonll [ds/dpt^2dy (pb/GeV^2)]
# quark = bottom
# final state = meson. NP params (cm,lm,hm) = 24.2, 26.7, 22.2
# BR(q->meson) = 1
# ebeam1 = 6500, ebeam2 = 6500
# PDF set = NNPDF30_nlo_as_0118
# ymin = -0.5
# ymax = 0.5
# Uncertainties from scales, masses, PDFs combined quadratically
# cross section is sigma (pb)
# ptmin ptmax central min max min_sc max_sc min_mass max_mass min_pdf max_pdf fr=.5 .5 fr=2 2 fr=2 1 fr=1 2 fr=1 .5 fr=.5 1
1.0000 2.0000 6.0920e+06 2.8468e+06 9.1272e+06 3.0260e+06 8.8330e+06 5.0750e+06 7.3580e+06 5.7810e+06 6.4030e+06 5.0480e+06 6.5040e+06 7.9870e+06 4.4840e+06 8.8330e+06 3.0260e+06
2.0000 3.0000 7.7150e+06 3.8590e+06 1.1303e+07 4.0670e+06 1.0970e+07 6.5170e+06 9.1830e+06 7.3610e+06 8.0700e+06 6.6300e+06 8.1620e+06 9.9590e+06 5.7460e+06 1.0970e+07 4.0670e+06
3.0000 4.0000 7.7470e+06 4.1353e+06 1.1275e+07 4.3230e+06 1.1000e+07 6.6400e+06 9.0780e+06 7.4380e+06 8.0560e+06 6.9180e+06 8.0650e+06 9.9700e+06 5.7800e+06 1.1000e+07 4.3230e+06
4.0000 5.0000 6.8580e+06 3.8918e+06 9.9728e+06 4.0380e+06 9.7820e+06 5.9690e+06 7.9050e+06 6.6220e+06 7.0950e+06 6.3660e+06 7.0030e+06 8.8080e+06 5.1070e+06 9.7820e+06 4.0380e+06
5.0000 6.0000 5.7100e+06 3.3522e+06 8.2934e+06 3.4640e+06 8.1600e+06 5.0160e+06 6.5090e+06 5.5280e+06 5.8920e+06 5.4160e+06 5.7650e+06 7.3130e+06 4.2480e+06 8.1600e+06 3.4640e+06
6.0000 7.0000 4.4400e+06 2.7993e+06 6.4101e+06 2.8710e+06 6.3340e+06 3.9760e+06 4.9680e+06 4.3180e+06 4.5630e+06 4.4030e+06 4.3770e+06 5.6160e+06 3.3070e+06 6.3340e+06 2.8710e+06
7.0000 8.0000 3.4310e+06 2.2570e+06 4.9167e+06 2.3060e+06 4.8690e+06 3.1070e+06 3.7940e+06 3.3440e+06 3.5190e+06 3.4870e+06 3.3360e+06 4.2910e+06 2.5640e+06 4.8690e+06 2.3060e+06
8.0000 10.0000 4.6560e+06 3.2410e+06 6.5882e+06 3.2990e+06 6.5370e+06 4.2700e+06 5.0840e+06 4.5470e+06 4.7660e+06 4.8850e+06 4.4600e+06 5.7270e+06 3.5050e+06 6.5370e+06 3.2990e+06
10.0000 12.0000 2.7760e+06 2.0310e+06 3.8515e+06 2.0600e+06 3.8280e+06 2.5790e+06 2.9910e+06 2.7160e+06 2.8370e+06 2.9750e+06 2.6200e+06 3.3400e+06 2.1160e+06 3.8280e+06 2.0600e+06
12.0000 14.0000 1.7050e+06 1.2944e+06 2.3188e+06 1.3100e+06 2.3070e+06 1.5990e+06 1.8190e+06 1.6690e+06 1.7410e+06 1.8490e+06 1.5940e+06 2.0110e+06 1.3160e+06 2.3070e+06 1.3100e+06
14.0000 16.0000 1.0820e+06 8.3813e+05 1.4454e+06 8.4640e+05 1.4390e+06 1.0230e+06 1.1460e+06 1.0600e+06 1.1040e+06 1.1850e+06 1.0060e+06 1.2550e+06 8.4640e+05 1.4390e+06 8.5670e+05
16.0000 20.0000 1.1860e+06 9.3557e+05 1.5477e+06 9.4300e+05 1.5420e+06 1.1300e+06 1.2450e+06 1.1630e+06 1.2100e+06 1.3080e+06 1.0980e+06 1.3510e+06 9.4300e+05 1.5420e+06 9.7000e+05
20.0000 23.5000 5.1180e+05 4.1226e+05 6.4943e+05 4.1480e+05 6.4750e+05 4.9180e+05 5.3250e+05 5.0180e+05 5.2180e+05 5.6670e+05 4.7230e+05 5.7130e+05 4.1480e+05 6.4750e+05 4.3290e+05