# FONLL heavy quark hadroproduction cross section, calculated on Tue Jun 10 18:00:36 CEST 2025
# FONLL version and perturbative order: ## FONLL v1.3.4 fonll [ds/dpt^2dy (pb/GeV^2)]
# quark = charm
# final state = meson (meson = D0). NP params (cm,lm,hm) = 0.1, 0.06, 0.135
# BR(q->meson) = 1
# ebeam1 = 6500, ebeam2 = 6500
# PDF set = NNPDF30_nlo_as_0118
# ptmin = 0
# ptmax = 1
# ymin  = -0.5
# ymax  = 0.5
# Uncertainties from scales, masses, PDFs combined quadratically
# cross section is sigma (pb)
# ptmin ptmax central min max min_sc max_sc min_mass max_mass min_pdf max_pdf fr=.5 .5 fr=2 2 fr=2 1 fr=1 2 fr=1 .5 fr=.5 1
0.0000 1.0000 1.0440e+08 -2.5655e+06 3.0784e+08 1.9480e+06 3.0570e+08 9.5540e+07 1.0440e+08 7.4960e+07 1.3380e+08 4.5380e+06 1.9690e+08 2.4370e+08 5.5200e+07 3.0570e+08 1.9480e+06
1.0000 1.5000 1.0810e+08 9.1580e+05 2.7198e+08 4.2220e+06 2.6920e+08 8.6630e+07 1.3390e+08 9.2710e+07 1.2350e+08 1.0510e+07 1.6090e+08 2.3950e+08 6.0160e+07 2.6920e+08 4.2220e+06
1.5000 2.0000 1.0660e+08 9.2972e+06 2.4498e+08 1.2470e+07 2.4130e+08 8.3970e+07 1.3680e+08 9.6840e+07 1.1630e+08 3.1400e+07 1.3730e+08 2.1370e+08 6.1440e+07 2.4130e+08 1.2470e+07
2.0000 2.5000 8.6600e+07 1.7155e+07 1.8394e+08 1.9650e+07 1.8080e+08 6.9010e+07 1.1050e+08 8.1040e+07 9.2160e+07 4.4860e+07 1.0070e+08 1.5650e+08 5.1740e+07 1.8080e+08 1.9650e+07
2.5000 3.0000 6.4650e+07 1.8771e+07 1.2860e+08 2.0550e+07 1.2630e+08 5.2400e+07 8.1330e+07 6.1490e+07 6.7820e+07 4.3260e+07 7.0060e+07 1.0710e+08 3.9920e+07 1.2630e+08 2.0550e+07
3.0000 3.5000 4.6700e+07 1.6991e+07 8.7986e+07 1.8220e+07 8.6400e+07 3.8450e+07 5.7880e+07 4.4840e+07 4.8560e+07 3.6000e+07 4.8270e+07 7.2310e+07 2.9680e+07 8.6400e+07 1.8220e+07
3.5000 4.0000 3.3390e+07 1.4289e+07 6.0097e+07 1.5130e+07 5.9020e+07 2.7900e+07 4.0810e+07 3.2250e+07 3.4530e+07 2.8400e+07 3.3520e+07 4.9200e+07 2.1780e+07 5.9020e+07 1.5130e+07
4.0000 5.0000 4.1410e+07 2.0838e+07 7.0627e+07 2.1810e+07 6.9420e+07 3.5280e+07 4.9630e+07 4.0190e+07 4.2630e+07 3.8640e+07 4.0520e+07 5.7920e+07 2.7870e+07 6.9420e+07 2.1810e+07
5.0000 6.0000 2.2390e+07 1.3144e+07 3.5928e+07 1.3620e+07 3.5370e+07 1.9520e+07 2.6190e+07 2.1810e+07 2.2980e+07 2.2660e+07 2.1410e+07 2.9610e+07 1.5630e+07 3.5370e+07 1.3620e+07
6.0000 7.0000 1.2760e+07 8.2897e+06 1.9515e+07 8.5360e+06 1.9240e+07 1.1330e+07 1.4640e+07 1.2450e+07 1.3080e+07 1.3530e+07 1.2020e+07 1.6190e+07 9.1720e+06 1.9240e+07 8.5360e+06
7.0000 8.0000 7.6290e+06 5.3077e+06 1.1223e+07 5.4410e+06 1.1080e+07 6.8760e+06 8.6150e+06 7.4450e+06 7.8140e+06 8.2990e+06 7.1200e+06 9.3740e+06 5.6170e+06 1.1080e+07 5.4410e+06
8.0000 9.0000 4.7580e+06 3.4739e+06 6.7766e+06 3.5490e+06 6.6980e+06 4.3410e+06 5.3040e+06 4.6420e+06 4.8730e+06 5.2440e+06 4.4130e+06 5.7020e+06 3.5740e+06 6.6980e+06 3.5490e+06
9.0000 10.0000 3.0790e+06 2.3090e+06 4.2698e+06 2.3520e+06 4.2240e+06 2.8370e+06 3.3970e+06 3.0030e+06 3.1550e+06 3.4190e+06 2.8430e+06 3.6170e+06 2.3520e+06 4.2240e+06 2.3770e+06
10.0000 12.0000 3.4720e+06 2.6644e+06 4.6710e+06 2.7050e+06 4.6250e+06 3.2350e+06 3.7890e+06 3.3840e+06 3.5600e+06 3.8790e+06 3.1940e+06 3.9900e+06 2.7050e+06 4.6250e+06 2.7820e+06
