# FONLL heavy quark hadroproduction cross section, calculated on Tue Jan 7 10:47:05 CET 2025
# FONLL version and perturbative order: ## FONLL v1.3.4 fonll [ds/dpt^2dy (pb/GeV^2)]
# quark = bottom
# final state = meson. NP params (cm,lm,hm) = 24.2, 26.7, 22.2
# BR(q->meson) = 1
# ebeam1 = 6500, ebeam2 = 6500
# PDF set = NNPDF30_nlo_as_0118
# ymin = 4.0
# ymax = 4.5
# Uncertainties from scales, masses, PDFs combined quadratically
# cross section is sigma (pb)
# ptmin ptmax central min max min_sc max_sc min_mass max_mass min_pdf max_pdf fr=.5 .5 fr=2 2 fr=2 1 fr=1 2 fr=1 .5 fr=.5 1
1.0000 2.0000 1.6680e+06 8.1051e+05 2.6811e+06 1.0410e+06 2.4510e+06 1.3410e+06 2.0910e+06 1.1830e+06 2.1520e+06 1.6920e+06 1.6140e+06 2.0630e+06 1.2180e+06 2.4510e+06 1.0410e+06
2.0000 3.0000 1.9770e+06 1.0510e+06 3.0730e+06 1.2780e+06 2.8480e+06 1.6210e+06 2.4260e+06 1.4850e+06 2.4680e+06 2.0340e+06 1.9080e+06 2.4180e+06 1.4620e+06 2.8480e+06 1.2780e+06
3.0000 4.0000 1.8130e+06 1.0560e+06 2.7471e+06 1.2130e+06 2.5980e+06 1.5180e+06 2.1750e+06 1.4580e+06 2.1670e+06 1.9010e+06 1.7310e+06 2.2040e+06 1.3450e+06 2.5980e+06 1.2130e+06
4.0000 5.0000 1.4520e+06 9.1499e+05 2.1647e+06 1.0060e+06 2.0830e+06 1.2410e+06 1.7050e+06 1.2400e+06 1.6660e+06 1.5580e+06 1.3670e+06 1.7570e+06 1.0780e+06 2.0830e+06 1.0060e+06
5.0000 6.0000 1.0810e+06 7.2402e+05 1.5914e+06 7.7430e+05 1.5500e+06 9.4080e+05 1.2450e+06 9.6390e+05 1.1980e+06 1.1860e+06 1.0030e+06 1.2980e+06 8.0240e+05 1.5500e+06 7.7430e+05
6.0000 7.0000 7.7550e+05 5.4461e+05 1.1303e+06 5.7250e+05 1.1090e+06 6.8540e+05 8.7880e+05 7.1240e+05 8.3850e+05 8.6770e+05 7.0980e+05 9.2180e+05 5.7670e+05 1.1090e+06 5.7250e+05
7.0000 8.0000 5.4790e+05 3.9364e+05 7.9049e+05 4.0890e+05 7.7910e+05 4.9040e+05 6.1290e+05 5.1370e+05 5.8210e+05 6.2260e+05 4.9600e+05 6.4430e+05 4.0890e+05 7.7910e+05 4.1580e+05
8.0000 10.0000 6.5950e+05 4.8209e+05 9.3805e+05 4.9570e+05 9.2790e+05 5.9840e+05 7.2760e+05 6.2930e+05 6.8970e+05 7.6590e+05 5.9000e+05 7.6400e+05 4.9570e+05 9.2790e+05 5.2060e+05
10.0000 12.0000 3.3570e+05 2.5027e+05 4.6796e+05 2.5530e+05 4.6420e+05 3.0900e+05 3.6500e+05 3.2470e+05 3.4670e+05 3.9500e+05 2.9700e+05 3.8140e+05 2.5530e+05 4.6420e+05 2.7470e+05
12.0000 14.0000 1.7760e+05 1.3467e+05 2.4288e+05 1.3680e+05 2.4130e+05 1.6510e+05 1.9110e+05 1.7290e+05 1.8230e+05 2.1030e+05 1.5610e+05 1.9850e+05 1.3680e+05 2.4130e+05 1.4940e+05
14.0000 16.0000 9.7830e+04 7.5227e+04 1.3153e+05 7.6200e+04 1.3080e+05 9.1700e+04 1.0440e+05 9.5490e+04 1.0020e+05 1.1630e+05 8.5680e+04 1.0790e+05 7.6200e+04 1.3080e+05 8.4190e+04
16.0000 20.0000 8.8840e+04 6.9503e+04 1.1695e+05 7.0230e+04 1.1640e+05 8.3990e+04 9.3980e+04 8.6820e+04 9.0860e+04 1.0580e+05 7.7610e+04 9.6530e+04 7.0230e+04 1.1640e+05 7.8410e+04
20.0000 23.5000 2.9920e+04 2.3869e+04 3.8400e+04 2.4070e+04 3.8250e+04 2.8550e+04 3.1340e+04 2.9200e+04 3.0630e+04 3.5600e+04 2.6100e+04 3.1970e+04 2.4070e+04 3.8250e+04 2.7120e+04