# FONLL heavy quark hadroproduction cross section, calculated on Tue Nov 26 11:10:50 CET 2024
# FONLL version and perturbative order: ## FONLL v1.3.4 fonll [ds/dpt^2dy (pb/GeV^2)]
# quark = bottom
# final state = meson. NP params (cm,lm,hm) = 24.2, 26.7, 22.2
# BR(q->meson) = 1
# ebeam1 = 6500, ebeam2 = 6500
# PDF set = NNPDF30_nlo_as_0118
# ymin = 2.0
# ymax = 4.5
# Uncertainties from scales, masses, PDFs combined quadratically
# cross section is sigma (pb)
# ptmin ptmax central min max min_sc max_sc min_mass max_mass min_pdf max_pdf fr=.5 .5 fr=2 2 fr=2 1 fr=1 2 fr=1 .5 fr=.5 1
1.0000 2.0000 1.1090e+07 5.6159e+06 1.7066e+07 6.2960e+06 1.6210e+07 9.0710e+06 1.3660e+07 9.3850e+06 1.2790e+07 1.0370e+07 1.1220e+07 1.4090e+07 8.1240e+06 1.6210e+07 6.2960e+06
2.0000 3.0000 1.3570e+07 7.3403e+06 2.0317e+07 8.0430e+06 1.9440e+07 1.1290e+07 1.6400e+07 1.1820e+07 1.5320e+07 1.2960e+07 1.3660e+07 1.7010e+07 1.0060e+07 1.9440e+07 8.0430e+06
3.0000 4.0000 1.3010e+07 7.5044e+06 1.9199e+07 8.0440e+06 1.8560e+07 1.1020e+07 1.5420e+07 1.1710e+07 1.4310e+07 1.2740e+07 1.2940e+07 1.6240e+07 9.6790e+06 1.8560e+07 8.0440e+06
4.0000 5.0000 1.0970e+07 6.7032e+06 1.6082e+07 7.0650e+06 1.5690e+07 9.4640e+06 1.2750e+07 1.0140e+07 1.1800e+07 1.1040e+07 1.0730e+07 1.3640e+07 8.1540e+06 1.5690e+07 7.0650e+06
5.0000 6.0000 8.5970e+06 5.5308e+06 1.2538e+07 5.7610e+06 1.2310e+07 7.5440e+06 9.8200e+06 8.0970e+06 9.0980e+06 8.8960e+06 8.2750e+06 1.0620e+07 6.3890e+06 1.2310e+07 5.7610e+06
6.0000 7.0000 6.4860e+06 4.3597e+06 9.3920e+06 4.5050e+06 9.2600e+06 5.7740e+06 7.2980e+06 6.1860e+06 6.7870e+06 6.8700e+06 6.1530e+06 7.9390e+06 4.8280e+06 9.2600e+06 4.5050e+06
7.0000 8.0000 4.8130e+06 3.3590e+06 6.9120e+06 3.4520e+06 6.8340e+06 4.3360e+06 5.3490e+06 4.6280e+06 4.9970e+06 5.1950e+06 4.5110e+06 5.8280e+06 3.5950e+06 6.8340e+06 3.4520e+06
8.0000 10.0000 6.1950e+06 4.5433e+06 8.7785e+06 4.6460e+06 8.7010e+06 5.6550e+06 6.7930e+06 6.0020e+06 6.3870e+06 6.8590e+06 5.7320e+06 7.3860e+06 4.6610e+06 8.7010e+06 4.6460e+06
10.0000 12.0000 3.4540e+06 2.5871e+06 4.7975e+06 2.6310e+06 4.7650e+06 3.1960e+06 3.7350e+06 3.3670e+06 3.5400e+06 3.8840e+06 3.1570e+06 4.0350e+06 2.6310e+06 4.7650e+06 2.6950e+06
12.0000 14.0000 1.9960e+06 1.5195e+06 2.7180e+06 1.5400e+06 2.7030e+06 1.8650e+06 2.1360e+06 1.9520e+06 2.0390e+06 2.2620e+06 1.8110e+06 2.2910e+06 1.5400e+06 2.7030e+06 1.6050e+06
14.0000 16.0000 1.1980e+06 9.2575e+05 1.6015e+06 9.3600e+05 1.5940e+06 1.1280e+06 1.2720e+06 1.1740e+06 1.2210e+06 1.3660e+06 1.0830e+06 1.3550e+06 9.3600e+05 1.5940e+06 9.8880e+05
16.0000 20.0000 1.2220e+06 9.6175e+05 1.5973e+06 9.7020e+05 1.5910e+06 1.1600e+06 1.2870e+06 1.2000e+06 1.2430e+06 1.3970e+06 1.1020e+06 1.3600e+06 9.7020e+05 1.5910e+06 1.0370e+06
20.0000 23.5000 4.8160e+05 3.8730e+05 6.1250e+05 3.8980e+05 6.1060e+05 4.6150e+05 5.0240e+05 4.7380e+05 4.8940e+05 5.5050e+05 4.3410e+05 5.2690e+05 3.8980e+05 6.1060e+05 4.2090e+05