# FONLL heavy quark hadroproduction cross section, calculated on Tue Jun 10 18:00:36 CEST 2025
# FONLL version and perturbative order: ## FONLL v1.3.4 fonll [ds/dpt^2dy (pb/GeV^2)]
# quark = charm
# final state = meson (meson = D0). NP params (cm,lm,hm) = 0.1, 0.06, 0.135
# BR(q->meson) = 1
# ebeam1 = 6500, ebeam2 = 6500
# PDF set = NNPDF30_nlo_as_0118
# ptmin = 0
# ptmax = 1
# ymin  = 2.0
# ymax  = 2.5
# Uncertainties from scales, masses, PDFs combined quadratically
# cross section is sigma (pb)
# ptmin ptmax central min max min_sc max_sc min_mass max_mass min_pdf max_pdf fr=.5 .5 fr=2 2 fr=2 1 fr=1 2 fr=1 .5 fr=.5 1
0.0000 1.0000 1.0500e+08 -2.1827e+07 3.7369e+08 3.7510e+07 3.0370e+08 7.4280e+07 1.5110e+08 2.1100e+06 2.7990e+08 1.2830e+08 1.1660e+08 1.7760e+08 5.6270e+07 3.0370e+08 3.7510e+07
1.0000 1.5000 6.0820e+07 -1.1307e+07 1.7074e+08 1.7020e+07 1.4830e+08 4.3810e+07 8.6800e+07 6.0980e+06 1.2210e+08 4.5900e+07 6.5700e+07 1.0270e+08 3.4320e+07 1.4830e+08 1.7020e+07
1.5000 2.0000 4.4730e+07 1.8023e+06 1.0949e+08 1.4950e+07 1.0020e+08 3.3230e+07 6.1820e+07 1.6030e+07 7.3440e+07 3.6400e+07 4.6030e+07 7.2930e+07 2.5980e+07 1.0020e+08 1.4950e+07
2.0000 2.5000 2.9920e+07 6.8443e+06 6.6081e+07 1.1920e+07 6.2240e+07 2.2940e+07 4.0070e+07 1.7280e+07 4.2570e+07 2.6640e+07 2.9390e+07 4.6110e+07 1.7930e+07 6.2240e+07 1.1920e+07
2.5000 3.0000 1.9430e+07 6.7885e+06 3.9689e+07 8.9280e+06 3.7960e+07 1.5290e+07 2.5330e+07 1.3740e+07 2.5110e+07 1.8590e+07 1.8380e+07 2.8290e+07 1.2000e+07 3.7960e+07 8.9280e+06
3.0000 3.5000 1.2580e+07 5.4342e+06 2.4196e+07 6.4340e+06 2.3330e+07 1.0110e+07 1.6070e+07 9.8990e+06 1.5260e+07 1.2660e+07 1.1590e+07 1.7470e+07 7.9870e+06 2.3330e+07 6.4340e+06
3.5000 4.0000 8.2170e+06 4.0873e+06 1.5040e+07 4.6060e+06 1.4570e+07 6.7200e+06 1.0320e+07 6.8850e+06 9.5450e+06 8.6380e+06 7.4560e+06 1.1010e+07 5.3470e+06 1.4570e+07 4.6060e+06
4.0000 5.0000 9.1430e+06 5.2076e+06 1.5836e+07 5.6700e+06 1.5410e+07 7.6370e+06 1.1230e+07 8.0670e+06 1.0220e+07 1.0070e+07 8.1930e+06 1.1790e+07 6.1300e+06 1.5410e+07 5.6700e+06
5.0000 6.0000 4.3240e+06 2.8020e+06 7.0359e+06 2.9780e+06 6.8760e+06 3.7040e+06 5.1730e+06 3.9770e+06 4.6720e+06 4.9740e+06 3.8310e+06 5.3390e+06 3.0040e+06 6.8760e+06 2.9780e+06
6.0000 7.0000 2.1880e+06 1.4928e+06 3.3924e+06 1.5640e+06 3.3250e+06 1.9110e+06 2.5630e+06 2.0570e+06 2.3190e+06 2.5820e+06 1.9250e+06 2.6150e+06 1.5640e+06 3.3250e+06 1.6200e+06
7.0000 8.0000 1.1710e+06 8.2592e+05 1.7480e+06 8.5670e+05 1.7170e+06 1.0400e+06 1.3490e+06 1.1150e+06 1.2270e+06 1.4000e+06 1.0270e+06 1.3650e+06 8.5670e+05 1.7170e+06 9.1260e+05
8.0000 9.0000 6.5790e+05 4.7599e+05 9.5210e+05 4.9060e+05 9.3680e+05 5.9170e+05 7.4760e+05 6.3110e+05 6.8480e+05 7.8970e+05 5.7540e+05 7.5230e+05 4.9060e+05 9.3680e+05 5.3100e+05
9.0000 10.0000 3.8510e+05 2.8457e+05 5.4315e+05 2.9190e+05 5.3510e+05 3.5010e+05 4.3290e+05 3.7110e+05 3.9910e+05 4.6260e+05 3.3640e+05 4.3350e+05 2.9190e+05 5.3510e+05 3.1940e+05
10.0000 12.0000 3.7980e+05 2.8705e+05 5.2079e+05 2.9310e+05 5.1370e+05 3.4940e+05 4.2210e+05 3.6710e+05 3.9240e+05 4.5570e+05 3.3160e+05 4.2050e+05 2.9310e+05 5.1370e+05 3.2420e+05
