# FONLL heavy quark hadroproduction cross section, calculated on Tue Nov 26 10:05:43 CET 2024
# FONLL version and perturbative order: ## FONLL v1.4.0 fonll [ds/dpt^2dy (pb/GeV^2)]
# quark = bottom
# final state = meson. NP params (cm,lm,hm) = 24.2, 26.7, 22.2
# BR(q->meson) = 1
# ebeam1 = 6800, ebeam2 = 6800
# PDF set = NNPDF30_nlo_as_0118
# ymin = -0.5
# ymax = 0.5
# Uncertainties from scales, masses, PDFs combined quadratically
# cross section is sigma (pb)
# ptmin ptmax central min max min_sc max_sc min_mass max_mass min_pdf max_pdf fr=.5 .5 fr=2 2 fr=2 1 fr=1 2 fr=1 .5 fr=.5 1
1.0000 2.0000 6.2590e+06 2.9052e+06 9.3796e+06 3.0880e+06 9.0790e+06 5.2170e+06 7.5550e+06 5.9320e+06 6.5850e+06 5.1560e+06 6.6980e+06 8.2170e+06 4.6050e+06 9.0790e+06 3.0880e+06
2.0000 3.0000 7.9350e+06 3.9435e+06 1.1630e+07 4.1560e+06 1.1290e+07 6.7050e+06 9.4390e+06 7.5630e+06 8.3070e+06 6.7830e+06 8.4150e+06 1.0260e+07 5.9090e+06 1.1290e+07 4.1560e+06
3.0000 4.0000 7.9810e+06 4.2353e+06 1.1622e+07 4.4270e+06 1.1340e+07 6.8430e+06 9.3490e+06 7.6580e+06 8.3050e+06 7.0910e+06 8.3300e+06 1.0290e+07 5.9540e+06 1.1340e+07 4.4270e+06
4.0000 5.0000 7.0800e+06 3.9941e+06 1.0296e+07 4.1440e+06 1.0100e+07 6.1630e+06 8.1580e+06 6.8320e+06 7.3270e+06 6.5380e+06 7.2480e+06 9.1120e+06 5.2700e+06 1.0100e+07 4.1440e+06
5.0000 6.0000 5.8270e+06 3.4789e+06 8.4574e+06 3.5860e+06 8.3320e+06 5.1490e+06 6.6090e+06 5.6480e+06 6.0070e+06 5.5790e+06 5.8560e+06 7.4570e+06 4.3330e+06 8.3320e+06 3.5860e+06
6.0000 7.0000 4.6010e+06 2.8852e+06 6.6445e+06 2.9590e+06 6.5660e+06 4.1200e+06 5.1470e+06 4.4730e+06 4.7290e+06 4.5410e+06 4.5480e+06 5.8340e+06 3.4260e+06 6.5660e+06 2.9590e+06
7.0000 8.0000 3.5610e+06 2.3317e+06 5.1055e+06 2.3820e+06 5.0560e+06 3.2250e+06 3.9380e+06 3.4700e+06 3.6530e+06 3.6030e+06 3.4720e+06 4.4660e+06 2.6600e+06 5.0560e+06 2.3820e+06
8.0000 10.0000 4.8440e+06 3.3548e+06 6.8549e+06 3.4150e+06 6.8020e+06 4.4410e+06 5.2880e+06 4.7290e+06 4.9580e+06 5.0610e+06 4.6520e+06 5.9730e+06 3.6450e+06 6.8020e+06 3.4150e+06
10.0000 12.0000 2.8960e+06 2.1089e+06 4.0182e+06 2.1390e+06 3.9940e+06 2.6900e+06 3.1190e+06 2.8320e+06 2.9590e+06 3.0910e+06 2.7400e+06 3.4920e+06 2.2060e+06 3.9940e+06 2.1390e+06
12.0000 14.0000 1.7820e+06 1.3482e+06 2.4242e+06 1.3640e+06 2.4120e+06 1.6720e+06 1.9010e+06 1.7450e+06 1.8190e+06 1.9260e+06 1.6700e+06 2.1070e+06 1.3760e+06 2.4120e+06 1.3640e+06
14.0000 16.0000 1.1330e+06 8.7759e+05 1.5136e+06 8.8630e+05 1.5070e+06 1.0710e+06 1.2000e+06 1.1100e+06 1.1560e+06 1.2370e+06 1.0560e+06 1.3180e+06 8.8630e+05 1.5070e+06 8.9410e+05
16.0000 20.0000 1.2450e+06 9.8217e+05 1.6239e+06 9.9000e+05 1.6180e+06 1.1860e+06 1.3070e+06 1.2210e+06 1.2700e+06 1.3690e+06 1.1550e+06 1.4210e+06 9.9000e+05 1.6180e+06 1.0150e+06
20.0000 23.5000 5.3890e+05 4.3412e+05 6.8383e+05 4.3680e+05 6.8180e+05 5.1780e+05 5.6070e+05 5.2840e+05 5.4940e+05 5.9520e+05 4.9840e+05 6.0270e+05 4.3680e+05 6.8180e+05 4.5460e+05