# FONLL heavy quark hadroproduction cross section, calculated on Tue Jun 10 18:00:36 CEST 2025
# FONLL version and perturbative order: ## FONLL v1.3.4 fonll [ds/dpt^2dy (pb/GeV^2)]
# quark = charm
# final state = meson (meson = D0). NP params (cm,lm,hm) = 0.1, 0.06, 0.135
# BR(q->meson) = 1
# ebeam1 = 6500, ebeam2 = 6500
# PDF set = NNPDF30_nlo_as_0118
# ptmin = 0
# ptmax = 1
# ymin  = -0.5
# ymax  = 0.5
# Uncertainties from scales, masses, PDFs combined quadratically
# cross section is sigma (pb)
# ptmin ptmax central min max min_sc max_sc min_mass max_mass min_pdf max_pdf fr=.5 .5 fr=2 2 fr=2 1 fr=1 2 fr=1 .5 fr=.5 1
0.0000 1.0000 1.0440e+08 -2.5655e+06 3.0784e+08 1.9480e+06 3.0570e+08 9.5540e+07 1.0440e+08 7.4960e+07 1.3380e+08 4.5380e+06 1.9690e+08 2.4370e+08 5.5200e+07 3.0570e+08 1.9480e+06
1.0000 2.0000 2.1470e+08 1.0292e+07 5.1681e+08 1.6690e+07 5.1050e+08 1.7060e+08 2.7070e+08 1.8960e+08 2.3990e+08 4.1910e+07 2.9810e+08 4.5330e+08 1.2160e+08 5.1050e+08 1.6690e+07
2.0000 3.0000 1.5130e+08 3.5911e+07 3.1263e+08 4.0200e+07 3.0720e+08 1.2140e+08 1.9190e+08 1.4250e+08 1.6000e+08 8.8120e+07 1.7070e+08 2.6360e+08 9.1650e+07 3.0720e+08 4.0200e+07
3.0000 4.0000 8.0090e+07 3.1280e+07 1.4806e+08 3.3350e+07 1.4540e+08 6.6350e+07 9.8690e+07 7.7090e+07 8.3100e+07 6.4400e+07 8.1800e+07 1.2150e+08 5.1460e+07 1.4540e+08 3.3350e+07
4.0000 5.0000 4.1410e+07 2.0838e+07 7.0627e+07 2.1810e+07 6.9420e+07 3.5280e+07 4.9630e+07 4.0190e+07 4.2630e+07 3.8640e+07 4.0520e+07 5.7920e+07 2.7870e+07 6.9420e+07 2.1810e+07
5.0000 6.0000 2.2390e+07 1.3144e+07 3.5928e+07 1.3620e+07 3.5370e+07 1.9520e+07 2.6190e+07 2.1810e+07 2.2980e+07 2.2660e+07 2.1410e+07 2.9610e+07 1.5630e+07 3.5370e+07 1.3620e+07
6.0000 7.0000 1.2760e+07 8.2897e+06 1.9515e+07 8.5360e+06 1.9240e+07 1.1330e+07 1.4640e+07 1.2450e+07 1.3080e+07 1.3530e+07 1.2020e+07 1.6190e+07 9.1720e+06 1.9240e+07 8.5360e+06
7.0000 8.0000 7.6290e+06 5.3077e+06 1.1223e+07 5.4410e+06 1.1080e+07 6.8760e+06 8.6150e+06 7.4450e+06 7.8140e+06 8.2990e+06 7.1200e+06 9.3740e+06 5.6170e+06 1.1080e+07 5.4410e+06
8.0000 10.0000 7.8360e+06 5.8068e+06 1.1045e+07 5.9260e+06 1.0920e+07 7.1780e+06 8.7020e+06 7.6450e+06 8.0280e+06 8.6630e+06 7.2560e+06 9.3190e+06 5.9260e+06 1.0920e+07 5.9260e+06
10.0000 12.0000 3.4720e+06 2.6644e+06 4.6710e+06 2.7050e+06 4.6250e+06 3.2350e+06 3.7890e+06 3.3840e+06 3.5600e+06 3.8790e+06 3.1940e+06 3.9900e+06 2.7050e+06 4.6250e+06 2.7820e+06
12.0000 14.0000 1.7150e+06 1.3496e+06 2.2299e+06 1.3660e+06 2.2100e+06 1.6170e+06 1.8490e+06 1.6690e+06 1.7610e+06 1.9240e+06 1.5720e+06 1.9250e+06 1.3660e+06 2.2100e+06 1.4300e+06
14.0000 16.0000 9.2150e+05 7.3939e+05 1.1679e+06 7.4710e+05 1.1580e+06 8.7590e+05 9.8580e+05 8.9560e+05 9.4740e+05 1.0350e+06 8.4350e+05 1.0170e+06 7.4710e+05 1.1580e+06 7.9070e+05
16.0000 20.0000 8.5050e+05 6.9570e+05 1.0498e+06 7.0210e+05 1.0410e+06 8.1450e+05 9.0320e+05 8.2510e+05 8.7600e+05 9.5480e+05 7.7770e+05 9.2300e+05 7.0210e+05 1.0410e+06 7.5070e+05
20.0000 23.5000 3.0900e+05 2.5758e+05 3.7145e+05 2.5980e+05 3.6830e+05 2.9790e+05 3.2590e+05 2.9900e+05 3.1890e+05 3.4580e+05 2.8230e+05 3.2990e+05 2.5980e+05 3.6830e+05 2.8030e+05