# FONLL heavy quark hadroproduction cross section, calculated on Tue Jun 10 18:00:36 CEST 2025
# FONLL version and perturbative order: ## FONLL v1.3.4 fonll [ds/dpt^2dy (pb/GeV^2)]
# quark = charm
# final state = meson (meson = D0). NP params (cm,lm,hm) = 0.1, 0.06, 0.135
# BR(q->meson) = 1
# ebeam1 = 6500, ebeam2 = 6500
# PDF set = NNPDF30_nlo_as_0118
# ptmin = 0
# ptmax = 1
# ymin  = 2.0
# ymax  = 2.5
# Uncertainties from scales, masses, PDFs combined quadratically
# cross section is sigma (pb)
# ptmin ptmax central min max min_sc max_sc min_mass max_mass min_pdf max_pdf fr=.5 .5 fr=2 2 fr=2 1 fr=1 2 fr=1 .5 fr=.5 1
0.0000 1.0000 7.4490e+07 -1.5830e+07 2.3645e+08 9.8810e+06 2.1840e+08 5.9880e+07 9.0240e+07 1.3090e+07 1.4710e+08 3.4220e+07 1.0980e+08 1.4890e+08 3.9520e+07 2.1840e+08 9.8810e+06
1.0000 2.0000 1.1120e+08 6.9844e+06 2.7245e+08 1.6540e+07 2.6450e+08 8.5690e+07 1.4650e+08 7.5850e+07 1.4660e+08 4.3030e+07 1.4090e+08 2.1640e+08 6.3070e+07 2.6450e+08 1.6540e+07
2.0000 3.0000 6.9000e+07 1.8751e+07 1.4324e+08 2.1250e+07 1.4030e+08 5.4880e+07 8.8560e+07 6.2250e+07 7.5780e+07 4.6670e+07 7.4700e+07 1.1550e+08 4.1790e+07 1.4030e+08 2.1250e+07
3.0000 4.0000 3.4650e+07 1.4371e+07 6.4216e+07 1.5380e+07 6.2970e+07 2.8570e+07 4.2970e+07 3.2940e+07 3.6360e+07 2.9770e+07 3.4430e+07 5.1170e+07 2.2250e+07 6.2970e+07 1.5380e+07
4.0000 5.0000 1.7350e+07 9.0821e+06 2.9637e+07 9.5320e+06 2.9100e+07 1.4730e+07 2.0890e+07 1.6740e+07 1.7960e+07 1.6920e+07 1.6610e+07 2.3740e+07 1.1670e+07 2.9100e+07 9.5320e+06
5.0000 6.0000 9.1560e+06 5.5379e+06 1.4701e+07 5.7540e+06 1.4460e+07 7.9550e+06 1.0750e+07 8.8830e+06 9.4290e+06 9.5840e+06 8.5870e+06 1.1880e+07 6.3890e+06 1.4460e+07 5.7540e+06
6.0000 7.0000 5.1100e+06 3.4038e+06 7.8203e+06 3.5140e+06 7.7040e+06 4.5230e+06 5.8830e+06 4.9710e+06 5.2490e+06 5.5740e+06 4.7320e+06 6.3710e+06 3.6720e+06 7.7040e+06 3.5140e+06
7.0000 8.0000 2.9970e+06 2.1325e+06 4.4129e+06 2.1910e+06 4.3530e+06 2.6940e+06 3.3970e+06 2.9200e+06 3.0750e+06 3.3420e+06 2.7540e+06 3.6270e+06 2.2070e+06 4.3530e+06 2.1910e+06
8.0000 10.0000 3.0060e+06 2.2245e+06 4.2400e+06 2.2730e+06 4.1890e+06 2.7460e+06 3.3490e+06 2.9300e+06 3.0810e+06 3.3940e+06 2.7450e+06 3.5260e+06 2.2730e+06 4.1890e+06 2.3210e+06
10.0000 12.0000 1.2900e+06 9.8901e+05 1.7362e+06 1.0050e+06 1.7180e+06 1.1990e+06 1.4120e+06 1.2570e+06 1.3220e+06 1.4670e+06 1.1720e+06 1.4650e+06 1.0050e+06 1.7180e+06 1.0520e+06
12.0000 14.0000 6.1840e+05 4.8665e+05 8.0441e+05 4.9280e+05 7.9670e+05 5.8190e+05 6.6900e+05 6.0260e+05 6.3420e+05 7.0460e+05 5.6100e+05 6.8730e+05 4.9280e+05 7.9670e+05 5.2400e+05
14.0000 16.0000 3.2320e+05 2.5923e+05 4.0958e+05 2.6200e+05 4.0590e+05 3.0660e+05 3.4670e+05 3.1480e+05 3.3160e+05 3.6790e+05 2.9300e+05 3.5350e+05 2.6200e+05 4.0590e+05 2.8140e+05
16.0000 20.0000 2.8770e+05 2.3539e+05 3.5530e+05 2.3750e+05 3.5220e+05 2.7510e+05 3.0640e+05 2.8010e+05 2.9540e+05 3.2660e+05 2.6080e+05 3.0990e+05 2.3750e+05 3.5220e+05 2.5710e+05
20.0000 23.5000 9.9600e+04 8.3099e+04 1.1981e+05 8.3750e+04 1.1880e+05 9.5890e+04 1.0530e+05 9.6900e+04 1.0230e+05 1.1250e+05 9.0260e+04 1.0560e+05 8.3750e+04 1.1880e+05 9.1320e+04