# FONLL heavy quark hadroproduction cross section, calculated on Tue Jan 7 10:47:05 CET 2025
# FONLL version and perturbative order: ## FONLL v1.3.4 fonll [ds/dpt^2dy (pb/GeV^2)]
# quark = bottom
# final state = meson. NP params (cm,lm,hm) = 24.2, 26.7, 22.2
# BR(q->meson) = 1
# ebeam1 = 6500, ebeam2 = 6500
# PDF set = NNPDF30_nlo_as_0118
# ymin = 2.0
# ymax = 2.5
# Uncertainties from scales, masses, PDFs combined quadratically
# cross section is sigma (pb)
# ptmin ptmax central min max min_sc max_sc min_mass max_mass min_pdf max_pdf fr=.5 .5 fr=2 2 fr=2 1 fr=1 2 fr=1 .5 fr=.5 1
1.0000 2.0000 2.6670e+06 1.3112e+06 4.0266e+06 1.4050e+06 3.8830e+06 2.2060e+06 3.2470e+06 2.4850e+06 2.8500e+06 2.3370e+06 2.7830e+06 3.4540e+06 1.9590e+06 3.8830e+06 1.4050e+06
2.0000 3.0000 3.3310e+06 1.7451e+06 4.9104e+06 1.8510e+06 4.7530e+06 2.7970e+06 3.9890e+06 3.1320e+06 3.5300e+06 3.0070e+06 3.4500e+06 4.2490e+06 2.4760e+06 4.7530e+06 1.8510e+06
3.0000 4.0000 3.2830e+06 1.8288e+06 4.7979e+06 1.9210e+06 4.6720e+06 2.8010e+06 3.8650e+06 3.1180e+06 3.4470e+06 3.0630e+06 3.3490e+06 4.1690e+06 2.4470e+06 4.6720e+06 1.9210e+06
4.0000 5.0000 2.8500e+06 1.6816e+06 4.1536e+06 1.7510e+06 4.0690e+06 2.4720e+06 3.2960e+06 2.7300e+06 2.9700e+06 2.7520e+06 2.8530e+06 3.6060e+06 2.1210e+06 4.0690e+06 1.7510e+06
5.0000 6.0000 2.2960e+06 1.4287e+06 3.3357e+06 1.4770e+06 3.2830e+06 2.0230e+06 2.6120e+06 2.2130e+06 2.3790e+06 2.2910e+06 2.2570e+06 2.8850e+06 1.7080e+06 3.2830e+06 1.4770e+06
6.0000 7.0000 1.7770e+06 1.1583e+06 2.5672e+06 1.1910e+06 2.5350e+06 1.5870e+06 1.9930e+06 1.7200e+06 1.8340e+06 1.8220e+06 1.7190e+06 2.2110e+06 1.3230e+06 2.5350e+06 1.1910e+06
7.0000 8.0000 1.3500e+06 9.1573e+05 1.9345e+06 9.3780e+05 1.9150e+06 1.2190e+06 1.4950e+06 1.3110e+06 1.3880e+06 1.4150e+06 1.2880e+06 1.6600e+06 1.0080e+06 1.9150e+06 9.3780e+05
8.0000 10.0000 1.7900e+06 1.2816e+06 2.5337e+06 1.3070e+06 2.5130e+06 1.6380e+06 1.9580e+06 1.7440e+06 1.8360e+06 1.9320e+06 1.6850e+06 2.1660e+06 1.3470e+06 2.5130e+06 1.3070e+06
10.0000 12.0000 1.0360e+06 7.7782e+05 1.4382e+06 7.8990e+05 1.4290e+06 9.6140e+05 1.1180e+06 1.0130e+06 1.0600e+06 1.1400e+06 9.6210e+05 1.2280e+06 7.8990e+05 1.4290e+06 7.9010e+05
12.0000 14.0000 6.1970e+05 4.7255e+05 8.4311e+05 4.7850e+05 8.3870e+05 5.8030e+05 6.6200e+05 6.0690e+05 6.3250e+05 6.8850e+05 5.7040e+05 7.2040e+05 4.7850e+05 8.3870e+05 4.8810e+05
14.0000 16.0000 3.8370e+05 2.9704e+05 5.1250e+05 3.0010e+05 5.1020e+05 3.6210e+05 4.0680e+05 3.7630e+05 3.9110e+05 4.2950e+05 3.5150e+05 4.3920e+05 3.0010e+05 5.1020e+05 3.1090e+05
16.0000 20.0000 4.0740e+05 3.2115e+05 5.3147e+05 3.2380e+05 5.2950e+05 3.8750e+05 4.2820e+05 4.0000e+05 4.1470e+05 4.5820e+05 3.7190e+05 4.5810e+05 3.2380e+05 5.2950e+05 3.4010e+05
20.0000 23.5000 1.6870e+05 1.3596e+05 2.1415e+05 1.3680e+05 2.1350e+05 1.6190e+05 1.7580e+05 1.6590e+05 1.7160e+05 1.9010e+05 1.5380e+05 1.8630e+05 1.3680e+05 2.1350e+05 1.4540e+05