# FONLL heavy quark hadroproduction cross section, calculated on Tue Jan 7 10:47:05 CET 2025
# FONLL version and perturbative order: ## FONLL v1.3.4 fonll [ds/dpt^2dy (pb/GeV^2)]
# quark = bottom
# final state = meson. NP params (cm,lm,hm) = 24.2, 26.7, 22.2
# BR(q->meson) = 1
# ebeam1 = 6500, ebeam2 = 6500
# PDF set = NNPDF30_nlo_as_0118
# ymin = 3.0
# ymax = 3.5
# Uncertainties from scales, masses, PDFs combined quadratically
# cross section is sigma (pb)
# ptmin ptmax central min max min_sc max_sc min_mass max_mass min_pdf max_pdf fr=.5 .5 fr=2 2 fr=2 1 fr=1 2 fr=1 .5 fr=.5 1
1.0000 2.0000 2.2700e+06 1.1550e+06 3.4961e+06 1.2960e+06 3.3200e+06 1.8560e+06 2.7970e+06 1.9190e+06 2.6210e+06 2.1330e+06 2.2900e+06 2.8800e+06 1.6620e+06 3.3200e+06 1.2960e+06
2.0000 3.0000 2.7740e+06 1.5094e+06 4.1560e+06 1.6540e+06 3.9760e+06 2.3070e+06 3.3550e+06 2.4180e+06 3.1310e+06 2.6640e+06 2.7860e+06 3.4730e+06 2.0570e+06 3.9760e+06 1.6540e+06
3.0000 4.0000 2.6570e+06 1.5421e+06 3.9221e+06 1.6520e+06 3.7920e+06 2.2510e+06 3.1510e+06 2.3960e+06 2.9180e+06 2.6160e+06 2.6350e+06 3.3110e+06 1.9770e+06 3.7920e+06 1.6520e+06
4.0000 5.0000 2.2370e+06 1.3744e+06 3.2787e+06 1.4480e+06 3.1990e+06 1.9300e+06 2.6010e+06 2.0720e+06 2.4020e+06 2.2640e+06 2.1830e+06 2.7770e+06 1.6630e+06 3.1990e+06 1.4480e+06
5.0000 6.0000 1.7510e+06 1.1320e+06 2.5521e+06 1.1790e+06 2.5060e+06 1.5360e+06 2.0000e+06 1.6520e+06 1.8500e+06 1.8200e+06 1.6800e+06 2.1580e+06 1.3010e+06 2.5060e+06 1.1790e+06
6.0000 7.0000 1.3190e+06 8.9072e+05 1.9097e+06 9.2050e+05 1.8830e+06 1.1740e+06 1.4840e+06 1.2590e+06 1.3790e+06 1.4040e+06 1.2470e+06 1.6100e+06 9.8160e+05 1.8830e+06 9.2050e+05
7.0000 8.0000 9.7680e+05 6.8501e+05 1.4029e+06 7.0410e+05 1.3870e+06 8.7980e+05 1.0860e+06 9.3980e+05 1.0140e+06 1.0600e+06 9.1260e+05 1.1800e+06 7.2970e+05 1.3870e+06 7.0410e+05
8.0000 10.0000 1.2540e+06 9.2220e+05 1.7767e+06 9.4340e+05 1.7610e+06 1.1440e+06 1.3750e+06 1.2150e+06 1.2930e+06 1.3960e+06 1.1560e+06 1.4900e+06 9.4340e+05 1.7610e+06 9.4550e+05
10.0000 12.0000 6.9570e+05 5.2102e+05 9.6641e+05 5.2990e+05 9.5980e+05 6.4360e+05 7.5250e+05 6.7810e+05 7.1320e+05 7.8690e+05 6.3350e+05 8.0990e+05 5.2990e+05 9.5980e+05 5.4620e+05
12.0000 14.0000 3.9980e+05 3.0440e+05 5.4455e+05 3.0850e+05 5.4150e+05 3.7350e+05 4.2810e+05 3.9120e+05 4.0830e+05 4.5590e+05 3.6140e+05 4.5730e+05 3.0850e+05 5.4150e+05 3.2350e+05
14.0000 16.0000 2.3840e+05 1.8430e+05 3.1882e+05 1.8630e+05 3.1730e+05 2.2450e+05 2.5330e+05 2.3400e+05 2.4290e+05 2.7350e+05 2.1460e+05 2.6870e+05 1.8630e+05 3.1730e+05 1.9810e+05
16.0000 20.0000 2.4080e+05 1.8957e+05 3.1464e+05 1.9120e+05 3.1340e+05 2.2860e+05 2.5370e+05 2.3690e+05 2.4470e+05 2.7700e+05 2.1610e+05 2.6690e+05 1.9120e+05 3.1340e+05 2.0580e+05
20.0000 23.5000 9.3370e+04 7.5068e+04 1.1877e+05 7.5550e+04 1.1840e+05 8.9420e+04 9.7460e+04 9.2030e+04 9.4700e+04 1.0740e+05 8.3720e+04 1.0170e+05 7.5550e+04 1.1840e+05 8.2160e+04