# FONLL heavy quark hadroproduction cross section, calculated on Tue Jun 10 18:00:36 CEST 2025
# FONLL version and perturbative order: ## FONLL v1.3.4 fonll [ds/dpt^2dy (pb/GeV^2)]
# quark = charm
# final state = meson (meson = D0). NP params (cm,lm,hm) = 0.1, 0.06, 0.135
# BR(q->meson) = 1
# ebeam1 = 6500, ebeam2 = 6500
# PDF set = NNPDF30_nlo_as_0118
# ptmin = 0
# ptmax = 1
# ymin  = 2.0
# ymax  = 2.5
# Uncertainties from scales, masses, PDFs combined quadratically
# cross section is sigma (pb)
# ptmin ptmax central min max min_sc max_sc min_mass max_mass min_pdf max_pdf fr=.5 .5 fr=2 2 fr=2 1 fr=1 2 fr=1 .5 fr=.5 1
0.0000 1.0000 1.0500e+08 -2.1827e+07 3.7369e+08 3.7510e+07 3.0370e+08 7.4280e+07 1.5110e+08 2.1100e+06 2.7990e+08 1.2830e+08 1.1660e+08 1.7760e+08 5.6270e+07 3.0370e+08 3.7510e+07
1.0000 2.0000 1.0560e+08 -9.3197e+06 2.7987e+08 3.1970e+07 2.4850e+08 7.7030e+07 1.4860e+08 2.2120e+07 1.9560e+08 8.2300e+07 1.1170e+08 1.7570e+08 6.0300e+07 2.4850e+08 3.1970e+07
2.0000 3.0000 4.9350e+07 1.3686e+07 1.0574e+08 2.0850e+07 1.0020e+08 3.8230e+07 6.5400e+07 3.1020e+07 6.7680e+07 4.5230e+07 4.7770e+07 7.4400e+07 2.9930e+07 1.0020e+08 2.0850e+07
3.0000 4.0000 2.0800e+07 9.5226e+06 3.9230e+07 1.1040e+07 3.7900e+07 1.6830e+07 2.6390e+07 1.6780e+07 2.4800e+07 2.1300e+07 1.9050e+07 2.8480e+07 1.3330e+07 3.7900e+07 1.1040e+07
4.0000 5.0000 9.1430e+06 5.2076e+06 1.5836e+07 5.6700e+06 1.5410e+07 7.6370e+06 1.1230e+07 8.0670e+06 1.0220e+07 1.0070e+07 8.1930e+06 1.1790e+07 6.1300e+06 1.5410e+07 5.6700e+06
5.0000 6.0000 4.3240e+06 2.8020e+06 7.0359e+06 2.9780e+06 6.8760e+06 3.7040e+06 5.1730e+06 3.9770e+06 4.6720e+06 4.9740e+06 3.8310e+06 5.3390e+06 3.0040e+06 6.8760e+06 2.9780e+06
6.0000 7.0000 2.1880e+06 1.4928e+06 3.3924e+06 1.5640e+06 3.3250e+06 1.9110e+06 2.5630e+06 2.0570e+06 2.3190e+06 2.5820e+06 1.9250e+06 2.6150e+06 1.5640e+06 3.3250e+06 1.6200e+06
7.0000 8.0000 1.1710e+06 8.2592e+05 1.7480e+06 8.5670e+05 1.7170e+06 1.0400e+06 1.3490e+06 1.1150e+06 1.2270e+06 1.4000e+06 1.0270e+06 1.3650e+06 8.5670e+05 1.7170e+06 9.1260e+05
8.0000 10.0000 1.0430e+06 7.6054e+05 1.4955e+06 7.8250e+05 1.4720e+06 9.4180e+05 1.1810e+06 1.0020e+06 1.0840e+06 1.2520e+06 9.1180e+05 1.1860e+06 7.8250e+05 1.4720e+06 8.5040e+05
10.0000 12.0000 3.7980e+05 2.8705e+05 5.2079e+05 2.9310e+05 5.1370e+05 3.4940e+05 4.2210e+05 3.6710e+05 3.9240e+05 4.5570e+05 3.3160e+05 4.2050e+05 2.9310e+05 5.1370e+05 3.2420e+05
12.0000 14.0000 1.5590e+05 1.2088e+05 2.0698e+05 1.2290e+05 2.0440e+05 1.4530e+05 1.7110e+05 1.5090e+05 1.6100e+05 1.8670e+05 1.3610e+05 1.6940e+05 1.2290e+05 2.0440e+05 1.3740e+05
14.0000 16.0000 7.0300e+04 5.5502e+04 9.1028e+04 5.6310e+04 8.9940e+04 6.6090e+04 7.6500e+04 6.7950e+04 7.2640e+04 8.3840e+04 6.1370e+04 7.5300e+04 5.6310e+04 8.9940e+04 6.3360e+04
16.0000 20.0000 5.1730e+04 4.1574e+04 6.5410e+04 4.2140e+04 6.4620e+04 4.9030e+04 5.5870e+04 4.9760e+04 5.3690e+04 6.1350e+04 4.5180e+04 5.4660e+04 4.2140e+04 6.4620e+04 4.7680e+04
20.0000 23.5000 1.3830e+04 1.1309e+04 1.7086e+04 1.1480e+04 1.6850e+04 1.3210e+04 1.4840e+04 1.3160e+04 1.4510e+04 1.6300e+04 1.2090e+04 1.4410e+04 1.1480e+04 1.6850e+04 1.3060e+04
