# FONLL heavy quark hadroproduction cross section, calculated on Tue Jun 10 18:00:36 CEST 2025
# FONLL version and perturbative order: ## FONLL v1.3.4 fonll [ds/dpt^2dy (pb/GeV^2)]
# quark = charm
# final state = meson (meson = D0). NP params (cm,lm,hm) = 0.1, 0.06, 0.135
# BR(q->meson) = 1
# ebeam1 = 6500, ebeam2 = 6500
# PDF set = NNPDF30_nlo_as_0118
# ptmin = 0
# ptmax = 1
# ymin  = 3.0
# ymax  = 3.5
# Uncertainties from scales, masses, PDFs combined quadratically
# cross section is sigma (pb)
# ptmin ptmax central min max min_sc max_sc min_mass max_mass min_pdf max_pdf fr=.5 .5 fr=2 2 fr=2 1 fr=1 2 fr=1 .5 fr=.5 1
0.0000 1.0000 9.1720e+07 -2.1418e+07 3.0957e+08 2.2610e+07 2.6610e+08 6.9330e+07 1.2090e+08 4.9860e+06 2.1900e+08 8.0220e+07 1.1720e+08 1.6870e+08 4.9000e+07 2.6610e+08 2.2610e+07
1.0000 1.5000 6.2410e+07 -6.9596e+06 1.6668e+08 1.2130e+07 1.5320e+08 4.6540e+07 8.5310e+07 1.7330e+07 1.0830e+08 3.3390e+07 7.4790e+07 1.1480e+08 3.5040e+07 1.5320e+08 1.2130e+07
1.5000 2.0000 5.0770e+07 5.6829e+06 1.2004e+08 1.3130e+07 1.1420e+08 3.8560e+07 6.8320e+07 2.9160e+07 7.2380e+07 3.2520e+07 5.6660e+07 8.9120e+07 2.9400e+07 1.1420e+08 1.3130e+07
2.0000 2.5000 3.6660e+07 9.2140e+06 7.9085e+07 1.2210e+07 7.6390e+07 2.8560e+07 4.8130e+07 2.7180e+07 4.6140e+07 2.7570e+07 3.8440e+07 6.0020e+07 2.1940e+07 7.6390e+07 1.2210e+07
2.5000 3.0000 2.5270e+07 8.7715e+06 5.0777e+07 1.0170e+07 4.9380e+07 2.0150e+07 3.2430e+07 2.1030e+07 2.9520e+07 2.1300e+07 2.5260e+07 3.8730e+07 1.5600e+07 4.9380e+07 1.0170e+07
3.0000 3.5000 1.7210e+07 7.1828e+06 3.2655e+07 7.9290e+06 3.1860e+07 1.3990e+07 2.1670e+07 1.5200e+07 1.9220e+07 1.5650e+07 1.6630e+07 2.4970e+07 1.0930e+07 3.1860e+07 7.9290e+06
3.5000 4.0000 1.1740e+07 5.6067e+06 2.1260e+07 6.0430e+06 2.0780e+07 9.7050e+06 1.4550e+07 1.0730e+07 1.2750e+07 1.1350e+07 1.1120e+07 1.6350e+07 7.6510e+06 2.0780e+07 6.0430e+06
4.0000 5.0000 1.3800e+07 7.5486e+06 2.3668e+07 7.9970e+06 2.3180e+07 1.1640e+07 1.6740e+07 1.2940e+07 1.4660e+07 1.4200e+07 1.2850e+07 1.8390e+07 9.2750e+06 2.3180e+07 7.9970e+06
5.0000 6.0000 7.0040e+06 4.3791e+06 1.1287e+07 4.5770e+06 1.1080e+07 6.0540e+06 8.2800e+06 6.6920e+06 7.3170e+06 7.6310e+06 6.4190e+06 8.8940e+06 4.8830e+06 1.1080e+07 4.5770e+06
6.0000 7.0000 3.7810e+06 2.5864e+06 5.8043e+06 2.6830e+06 5.7090e+06 3.3310e+06 4.3790e+06 3.6430e+06 3.9180e+06 4.2610e+06 3.4330e+06 4.6300e+06 2.7140e+06 5.7090e+06 2.6830e+06
7.0000 8.0000 2.1520e+06 1.5360e+06 3.1773e+06 1.5830e+06 3.1300e+06 1.9260e+06 2.4520e+06 2.0840e+06 2.2210e+06 2.4690e+06 1.9430e+06 2.5640e+06 1.5830e+06 3.1300e+06 1.6160e+06
8.0000 9.0000 1.2830e+06 9.3858e+05 1.8338e+06 9.6240e+05 1.8090e+06 1.1630e+06 1.4420e+06 1.2450e+06 1.3200e+06 1.4820e+06 1.1540e+06 1.4950e+06 9.6240e+05 1.8090e+06 1.0020e+06
9.0000 10.0000 7.9490e+05 5.9388e+05 1.1069e+06 6.0660e+05 1.0930e+06 7.2810e+05 8.8440e+05 7.7280e+05 8.1700e+05 9.2130e+05 7.1360e+05 9.1030e+05 6.0660e+05 1.0930e+06 6.4010e+05
10.0000 12.0000 8.4620e+05 6.4716e+05 1.1432e+06 6.5840e+05 1.1300e+06 7.8410e+05 9.3080e+05 8.2400e+05 8.6850e+05 9.8220e+05 7.5850e+05 9.5100e+05 6.5840e+05 1.1300e+06 7.0410e+05
