# Job started on: Wed Jan 29 14:02:08 CET 2025 .......................
# FONLL heavy quark hadroproduction cross section, calculated on Wed Jan 29 14:05:57 CET 2025
# FONLL version and perturbative order: ## FONLL v1.4.0 fonll [ds/dpt^2dy (pb/GeV^2)]
# quark = bottom
# final state = quark
# ebeam1 = 6800, ebeam2 = 6800
# PDF set = NNPDF30_nlo_as_0118
# ptmin = 0.05
# ptmax = 49.95
# ymin = -0.5
# ymax = 0.5
# Uncertainties from scales, masses, PDFs combined quadratically
# cross section is ds/dpt (pb/GeV)
# pt central min max min_sc max_sc min_massmax_mass min_pdf max_pdffr=.5 .5 fr=2 2 fr=2 1 fr=1 2 fr=1 .5 fr=.5 1
0.0500 2.3324e+05 9.7461e+04 3.6981e+05 1.0552e+05 3.5670e+05 1.8906e+05 2.9015e+05 2.2018e+05 2.4631e+05 1.8139e+05 2.5292e+05 3.2630e+05 1.6627e+05 3.5670e+05 1.0552e+05
0.1500 6.8897e+05 2.9027e+05 1.0878e+06 3.1418e+05 1.0486e+06 5.5852e+05 8.5694e+05 6.5054e+05 7.2740e+05 5.3928e+05 7.4517e+05 9.5565e+05 4.9257e+05 1.0486e+06 3.1418e+05
0.2500 1.1317e+06 4.8010e+05 1.7801e+06 5.1948e+05 1.7153e+06 9.1770e+05 1.4072e+06 1.0688e+06 1.1946e+06 8.9045e+05 1.2217e+06 1.5587e+06 8.1118e+05 1.7153e+06 5.1948e+05
0.3500 1.5638e+06 6.6734e+05 2.4514e+06 7.2180e+05 2.3614e+06 1.2685e+06 1.9435e+06 1.4771e+06 1.6505e+06 1.2357e+06 1.6856e+06 2.1412e+06 1.1234e+06 2.3614e+06 7.2180e+05
0.4500 1.9855e+06 8.5187e+05 3.1029e+06 9.2099e+05 2.9882e+06 1.6115e+06 2.4661e+06 1.8757e+06 2.0953e+06 1.5746e+06 2.1379e+06 2.7055e+06 1.4292e+06 2.9882e+06 9.2099e+05
0.5500 2.3964e+06 1.0334e+06 3.7342e+06 1.1166e+06 3.5958e+06 1.9464e+06 2.9741e+06 2.2642e+06 2.5286e+06 1.9065e+06 2.5782e+06 3.2522e+06 1.7281e+06 3.5958e+06 1.1166e+06
0.6500 2.7955e+06 1.2116e+06 4.3432e+06 1.3084e+06 4.1820e+06 2.2724e+06 3.4660e+06 2.6417e+06 2.9492e+06 2.2306e+06 3.0057e+06 3.7799e+06 2.0195e+06 4.1820e+06 1.3084e+06
0.7500 3.1814e+06 1.3860e+06 4.9281e+06 1.4957e+06 4.7450e+06 2.5886e+06 3.9401e+06 3.0069e+06 3.3559e+06 2.5460e+06 3.4189e+06 4.2872e+06 2.3024e+06 4.7450e+06 1.4957e+06
0.8500 3.5531e+06 1.5562e+06 5.4870e+06 1.6781e+06 5.2832e+06 2.8942e+06 4.3949e+06 3.3589e+06 3.7473e+06 2.8516e+06 3.8167e+06 4.7724e+06 2.5761e+06 5.2832e+06 1.6781e+06
0.9500 3.9093e+06 1.7218e+06 6.0181e+06 1.8551e+06 5.7950e+06 3.1882e+06 4.8290e+06 3.6964e+06 4.1222e+06 3.1466e+06 4.1976e+06 5.2344e+06 2.8395e+06 5.7950e+06 1.8551e+06
1.0500 4.2491e+06 1.8823e+06 6.5203e+06 2.0262e+06 6.2791e+06 3.4697e+06 5.2411e+06 4.0186e+06 4.4795e+06 3.4303e+06 4.5607e+06 5.6719e+06 3.0920e+06 6.2791e+06 2.0262e+06
1.1500 4.5720e+06 2.0375e+06 6.9927e+06 2.1913e+06 6.7348e+06 3.7384e+06 5.6308e+06 4.3252e+06 4.8188e+06 3.7023e+06 4.9054e+06 6.0843e+06 3.3333e+06 6.7348e+06 2.1913e+06
1.2500 4.8775e+06 2.1872e+06 7.4351e+06 2.3500e+06 7.1618e+06 3.9938e+06 5.9977e+06 4.6155e+06 5.1395e+06 3.9621e+06 5.2312e+06 6.4714e+06 3.5628e+06 7.1618e+06 2.3500e+06
1.3500 5.1652e+06 2.3310e+06 7.8475e+06 2.5020e+06 7.5601e+06 4.2356e+06 6.3412e+06 4.8893e+06 5.4412e+06 4.2093e+06 5.5376e+06 6.8332e+06 3.7802e+06 7.5601e+06 2.5020e+06
1.4500 5.4351e+06 2.4687e+06 8.2301e+06 2.6472e+06 7.9300e+06 4.4635e+06 6.6615e+06 5.1464e+06 5.7237e+06 4.4437e+06 5.8244e+06 7.1699e+06 3.9851e+06 7.9300e+06 2.6472e+06
1.5500 5.6870e+06 2.6003e+06 8.5835e+06 2.7855e+06 8.2721e+06 4.6775e+06 6.9586e+06 5.3870e+06 5.9870e+06 4.6652e+06 6.0916e+06 7.4820e+06 4.1775e+06 8.2721e+06 2.7855e+06
1.6500 5.9215e+06 2.7257e+06 8.9093e+06 2.9168e+06 8.5879e+06 4.8780e+06 7.2333e+06 5.6113e+06 6.2317e+06 4.8739e+06 6.3397e+06 7.7709e+06 4.3574e+06 8.5879e+06 2.9168e+06
1.7500 6.1387e+06 2.8447e+06 9.2081e+06 3.0411e+06 8.8781e+06 5.0648e+06 7.4858e+06 5.8196e+06 6.4578e+06 5.0698e+06 6.5687e+06 8.0371e+06 4.5248e+06 8.8781e+06 3.0411e+06
1.8500 6.3387e+06 2.9573e+06 9.4805e+06 3.1582e+06 9.1433e+06 5.2380e+06 7.7165e+06 6.0119e+06 6.6655e+06 5.2528e+06 6.7786e+06 8.2810e+06 4.6796e+06 9.1433e+06 3.1582e+06
1.9500 6.5217e+06 3.0633e+06 9.7273e+06 3.2681e+06 9.3841e+06 5.3978e+06 7.9257e+06 6.1884e+06 6.8550e+06 5.4230e+06 6.9698e+06 8.5031e+06 4.8218e+06 9.3841e+06 3.2681e+06
2.0500 6.6881e+06 3.1629e+06 9.9494e+06 3.3709e+06 9.6015e+06 5.5443e+06 8.1141e+06 6.3494e+06 7.0267e+06 5.5807e+06 7.1425e+06 8.7041e+06 4.9518e+06 9.6015e+06 3.3709e+06
2.1500 6.8385e+06 3.2561e+06 1.0149e+07 3.4667e+06 9.7972e+06 5.6780e+06 8.2825e+06 6.4956e+06 7.1814e+06 5.7262e+06 7.2975e+06 8.8854e+06 5.0696e+06 9.7972e+06 3.4667e+06
2.2500 6.9734e+06 3.3428e+06 1.0326e+07 3.5554e+06 9.9719e+06 5.7992e+06 8.4316e+06 6.6274e+06 7.3195e+06 5.8597e+06 7.4351e+06 9.0477e+06 5.1756e+06 9.9719e+06 3.5554e+06
2.3500 7.0931e+06 3.4232e+06 1.0481e+07 3.6373e+06 1.0126e+07 5.9080e+06 8.5618e+06 6.7449e+06 7.4413e+06 5.9814e+06 7.5558e+06 9.1915e+06 5.2698e+06 1.0126e+07 3.6373e+06
2.4500 7.1980e+06 3.4972e+06 1.0616e+07 3.7122e+06 1.0261e+07 6.0050e+06 8.6737e+06 6.8487e+06 7.5474e+06 6.0914e+06 7.6600e+06 9.3173e+06 5.3527e+06 1.0261e+07 3.7122e+06
2.5500 7.2886e+06 3.5650e+06 1.0731e+07 3.7804e+06 1.0378e+07 6.0903e+06 8.7680e+06 6.9390e+06 7.6383e+06 6.1902e+06 7.7483e+06 9.4259e+06 5.4245e+06 1.0378e+07 3.7804e+06
2.6500 7.3656e+06 3.6266e+06 1.0828e+07 3.8420e+06 1.0476e+07 6.1645e+06 8.8456e+06 7.0166e+06 7.7147e+06 6.2780e+06 7.8213e+06 9.5182e+06 5.4856e+06 1.0476e+07 3.8420e+06
2.7500 7.4294e+06 3.6822e+06 1.0907e+07 3.8971e+06 1.0558e+07 6.2279e+06 8.9069e+06 7.0818e+06 7.7771e+06 6.3552e+06 7.8795e+06 9.5946e+06 5.5363e+06 1.0558e+07 3.8971e+06
2.8500 7.4805e+06 3.7318e+06 1.0969e+07 3.9458e+06 1.0624e+07 6.2808e+06 8.9527e+06 7.1350e+06 7.8260e+06 6.4220e+06 7.9236e+06 9.6558e+06 5.5770e+06 1.0624e+07 3.9458e+06
2.9500 7.5193e+06 3.7756e+06 1.1014e+07 3.9882e+06 1.0674e+07 6.3237e+06 8.9835e+06 7.1765e+06 7.8621e+06 6.4787e+06 7.9543e+06 9.7021e+06 5.6081e+06 1.0674e+07 3.9882e+06
3.0500 7.5464e+06 3.8137e+06 1.1043e+07 4.0246e+06 1.0708e+07 6.3570e+06 9.0001e+06 7.2070e+06 7.8858e+06 6.5257e+06 7.9720e+06 9.7342e+06 5.6300e+06 1.0708e+07 4.0246e+06
3.1500 7.5622e+06 3.8464e+06 1.1057e+07 4.0552e+06 1.0729e+07 6.3808e+06 9.0029e+06 7.2267e+06 7.8976e+06 6.5632e+06 7.9773e+06 9.7524e+06 5.6430e+06 1.0729e+07 4.0552e+06
3.2500 7.5672e+06 3.8735e+06 1.1057e+07 4.0799e+06 1.0735e+07 6.3957e+06 8.9928e+06 7.2361e+06 7.8982e+06 6.5916e+06 7.9706e+06 9.7574e+06 5.6474e+06 1.0735e+07 4.0799e+06
3.3500 7.5620e+06 3.8954e+06 1.1043e+07 4.0990e+06 1.0728e+07 6.4021e+06 8.9704e+06 7.2359e+06 7.8882e+06 6.6112e+06 7.9528e+06 9.7499e+06 5.6439e+06 1.0728e+07 4.0990e+06
3.4500 7.5474e+06 3.9121e+06 1.1016e+07 4.1127e+06 1.0709e+07 6.4004e+06 8.9367e+06 7.2264e+06 7.8683e+06 6.6222e+06 7.9244e+06 9.7304e+06 5.6330e+06 1.0709e+07 4.1127e+06
3.5500 7.5237e+06 3.9237e+06 1.0977e+07 4.1211e+06 1.0678e+07 6.3911e+06 8.8924e+06 7.2083e+06 7.8390e+06 6.6250e+06 7.8862e+06 9.6996e+06 5.6150e+06 1.0678e+07 4.1211e+06
3.6500 7.4911e+06 3.9306e+06 1.0925e+07 4.1245e+06 1.0635e+07 6.3742e+06 8.8375e+06 7.1816e+06 7.8006e+06 6.6201e+06 7.8387e+06 9.6575e+06 5.5902e+06 1.0635e+07 4.1245e+06
3.7500 7.4502e+06 3.9330e+06 1.0862e+07 4.1233e+06 1.0581e+07 6.3503e+06 8.7728e+06 7.1468e+06 7.7536e+06 6.6077e+06 7.7824e+06 9.6048e+06 5.5590e+06 1.0581e+07 4.1233e+06
3.8500 7.4015e+06 3.9312e+06 1.0788e+07 4.1176e+06 1.0516e+07 6.3198e+06 8.6991e+06 7.1044e+06 7.6986e+06 6.5886e+06 7.7181e+06 9.5419e+06 5.5217e+06 1.0516e+07 4.1176e+06
3.9500 7.3456e+06 3.9254e+06 1.0705e+07 4.1077e+06 1.0441e+07 6.2830e+06 8.6170e+06 7.0550e+06 7.6362e+06 6.5631e+06 7.6463e+06 9.4697e+06 5.4789e+06 1.0441e+07 4.1077e+06
4.0500 7.2830e+06 3.9158e+06 1.0611e+07 4.0939e+06 1.0357e+07 6.2404e+06 8.5273e+06 6.9990e+06 7.5670e+06 6.5316e+06 7.5676e+06 9.3888e+06 5.4310e+06 1.0357e+07 4.0939e+06
4.1500 7.2142e+06 3.9024e+06 1.0509e+07 4.0762e+06 1.0264e+07 6.1924e+06 8.4306e+06 6.9369e+06 7.4915e+06 6.4940e+06 7.4826e+06 9.2997e+06 5.3785e+06 1.0264e+07 4.0762e+06
4.2500 7.1397e+06 3.8854e+06 1.0399e+07 4.0548e+06 1.0163e+07 6.1393e+06 8.3276e+06 6.8691e+06 7.4103e+06 6.4507e+06 7.3919e+06 9.2030e+06 5.3217e+06 1.0163e+07 4.0548e+06
4.3500 7.0600e+06 3.8649e+06 1.0282e+07 4.0299e+06 1.0054e+07 6.0815e+06 8.2189e+06 6.7962e+06 7.3238e+06 6.4021e+06 7.2960e+06 9.0994e+06 5.2610e+06 1.0054e+07 4.0299e+06
4.4500 6.9756e+06 3.8413e+06 1.0157e+07 4.0018e+06 9.9389e+06 6.0194e+06 8.1051e+06 6.7185e+06 7.2326e+06 6.3486e+06 7.1954e+06 8.9894e+06 5.1968e+06 9.9389e+06 4.0018e+06
4.5500 6.8868e+06 3.8146e+06 1.0027e+07 3.9706e+06 9.8170e+06 5.9534e+06 7.9867e+06 6.6365e+06 7.1371e+06 6.2905e+06 7.0906e+06 8.8735e+06 5.1295e+06 9.8170e+06 3.9706e+06
4.6500 6.7942e+06 3.7852e+06 9.8903e+06 3.9366e+06 9.6893e+06 5.8836e+06 7.8642e+06 6.5505e+06 7.0378e+06 6.2282e+06 6.9823e+06 8.7523e+06 5.0593e+06 9.6893e+06 3.9366e+06
4.7500 6.6980e+06 3.7531e+06 9.7488e+06 3.9000e+06 9.5562e+06 5.8106e+06 7.7382e+06 6.4610e+06 6.9350e+06 6.1621e+06 6.8708e+06 8.6263e+06 4.9866e+06 9.5562e+06 3.9000e+06
4.8500 6.5988e+06 3.7186e+06 9.6028e+06 3.8610e+06 9.4184e+06 5.7346e+06 7.6090e+06 6.3684e+06 6.8291e+06 6.0925e+06 6.7566e+06 8.4960e+06 4.9116e+06 9.4184e+06 3.8610e+06
4.9500 6.4968e+06 3.6820e+06 9.4527e+06 3.8199e+06 9.2763e+06 5.6559e+06 7.4772e+06 6.2729e+06 6.7206e+06 6.0197e+06 6.6400e+06 8.3618e+06 4.8347e+06 9.2763e+06 3.8199e+06
5.0500 6.3924e+06 3.6434e+06 9.2990e+06 3.7768e+06 9.1304e+06 5.5748e+06 7.3433e+06 6.1750e+06 6.6098e+06 5.9441e+06 6.5214e+06 8.2243e+06 4.7561e+06 9.1304e+06 3.7768e+06
5.1500 6.2862e+06 3.6030e+06 9.1425e+06 3.7320e+06 8.9815e+06 5.4918e+06 7.2078e+06 6.0751e+06 6.4972e+06 5.8659e+06 6.4014e+06 8.0842e+06 4.6763e+06 8.9815e+06 3.7320e+06
5.2500 6.1784e+06 3.5608e+06 8.9837e+06 3.6855e+06 8.8299e+06 5.4069e+06 7.0712e+06 5.9735e+06 6.3833e+06 5.7854e+06 6.2804e+06 7.9420e+06 4.5954e+06 8.8299e+06 3.6855e+06
5.3500 6.0693e+06 3.5172e+06 8.8229e+06 3.6376e+06 8.6761e+06 5.3205e+06 6.9338e+06 5.8705e+06 6.2682e+06 5.7029e+06 6.1585e+06 7.7979e+06 4.5137e+06 8.6761e+06 3.6376e+06
5.4500 5.9592e+06 3.4722e+06 8.6605e+06 3.5885e+06 8.5204e+06 5.2329e+06 6.7958e+06 5.7663e+06 6.1522e+06 5.6186e+06 6.0361e+06 7.6524e+06 4.4314e+06 8.5204e+06 3.5885e+06
5.5500 5.8483e+06 3.4260e+06 8.4967e+06 3.5382e+06 8.3632e+06 5.1441e+06 6.6575e+06 5.6612e+06 6.0354e+06 5.5327e+06 5.9134e+06 7.5056e+06 4.3485e+06 8.3632e+06 3.5382e+06
5.6500 5.7370e+06 3.3788e+06 8.3323e+06 3.4870e+06 8.2049e+06 5.0546e+06 6.5193e+06 5.5555e+06 5.9185e+06 5.4455e+06 5.7908e+06 7.3582e+06 4.2654e+06 8.2049e+06 3.4870e+06
5.7500 5.6255e+06 3.3306e+06 8.1675e+06 3.4348e+06 8.0461e+06 4.9645e+06 6.3815e+06 5.4495e+06 5.8014e+06 5.3573e+06 5.6685e+06 7.2104e+06 4.1823e+06 8.0461e+06 3.4348e+06
5.8500 5.5140e+06 3.2815e+06 8.0027e+06 3.3820e+06 7.8871e+06 4.8740e+06 6.2443e+06 5.3434e+06 5.6845e+06 5.2681e+06 5.5468e+06 7.0627e+06 4.0993e+06 7.8871e+06 3.3820e+06
5.9500 5.4027e+06 3.2318e+06 7.8382e+06 3.3286e+06 7.7280e+06 4.7834e+06 6.1079e+06 5.2374e+06 5.5680e+06 5.1783e+06 5.4258e+06 6.9151e+06 4.0166e+06 7.7280e+06 3.3286e+06
6.0500 5.2918e+06 3.1816e+06 7.6741e+06 3.2748e+06 7.5691e+06 4.6926e+06 5.9726e+06 5.1316e+06 5.4520e+06 5.0881e+06 5.3056e+06 6.7681e+06 3.9342e+06 7.5691e+06 3.2748e+06
6.1500 5.1815e+06 3.1310e+06 7.5109e+06 3.2207e+06 7.4109e+06 4.6020e+06 5.8385e+06 5.0263e+06 5.3368e+06 4.9976e+06 5.1866e+06 6.6218e+06 3.8524e+06 7.4109e+06 3.2207e+06
6.2500 5.0720e+06 3.0802e+06 7.3487e+06 3.1665e+06 7.2535e+06 4.5117e+06 5.7059e+06 4.9216e+06 5.2225e+06 4.9072e+06 5.0688e+06 6.4766e+06 3.7712e+06 7.2535e+06 3.1665e+06
6.3500 4.9634e+06 3.0292e+06 7.1879e+06 3.1123e+06 7.0972e+06 4.4218e+06 5.5748e+06 4.8176e+06 5.1092e+06 4.8170e+06 4.9524e+06 6.3326e+06 3.6908e+06 7.0972e+06 3.1123e+06
6.4500 4.8558e+06 2.9781e+06 7.0285e+06 3.0580e+06 6.9422e+06 4.3325e+06 5.4454e+06 4.7146e+06 4.9971e+06 4.7270e+06 4.8375e+06 6.1900e+06 3.6112e+06 6.9422e+06 3.0580e+06
6.5500 4.7494e+06 2.9269e+06 6.8708e+06 3.0038e+06 6.7886e+06 4.2437e+06 5.3179e+06 4.6125e+06 4.8862e+06 4.6373e+06 4.7242e+06 6.0489e+06 3.5324e+06 6.7886e+06 3.0038e+06
6.6500 4.6442e+06 2.8757e+06 6.7149e+06 2.9497e+06 6.6367e+06 4.1558e+06 5.1922e+06 4.5115e+06 4.7768e+06 4.5479e+06 4.6126e+06 5.9095e+06 3.4547e+06 6.6367e+06 2.9497e+06
6.7500 4.5403e+06 2.8245e+06 6.5610e+06 2.8956e+06 6.4865e+06 4.0686e+06 5.0686e+06 4.4118e+06 4.6688e+06 4.4587e+06 4.5028e+06 5.7720e+06 3.3780e+06 6.4865e+06 2.8956e+06
6.8500 4.4379e+06 2.7731e+06 6.4092e+06 2.8415e+06 6.3383e+06 3.9824e+06 4.9470e+06 4.3134e+06 4.5623e+06 4.3698e+06 4.3948e+06 5.6364e+06 3.3024e+06 6.3383e+06 2.8415e+06
6.9500 4.3369e+06 2.7218e+06 6.2597e+06 2.7875e+06 6.1921e+06 3.8973e+06 4.8276e+06 4.2163e+06 4.4575e+06 4.2813e+06 4.2886e+06 5.5028e+06 3.2280e+06 6.1921e+06 2.7875e+06
7.0500 4.2376e+06 2.6704e+06 6.1124e+06 2.7335e+06 6.0480e+06 3.8131e+06 4.7103e+06 4.1207e+06 4.3544e+06 4.1931e+06 4.1845e+06 5.3715e+06 3.1547e+06 6.0480e+06 2.7335e+06
7.1500 4.1398e+06 2.6189e+06 5.9675e+06 2.6795e+06 5.9062e+06 3.7302e+06 4.5953e+06 4.0265e+06 4.2530e+06 4.1052e+06 4.0823e+06 5.2423e+06 3.0827e+06 5.9062e+06 2.6795e+06
7.2500 4.0437e+06 2.5674e+06 5.8252e+06 2.6256e+06 5.7668e+06 3.6484e+06 4.4826e+06 3.9340e+06 4.1534e+06 4.0176e+06 3.9821e+06 5.1154e+06 3.0120e+06 5.7668e+06 2.6256e+06
7.3500 3.9493e+06 2.5160e+06 5.6853e+06 2.5718e+06 5.6297e+06 3.5678e+06 4.3721e+06 3.8430e+06 4.0556e+06 3.9303e+06 3.8840e+06 4.9909e+06 2.9425e+06 5.6297e+06 2.5718e+06
7.4500 3.8566e+06 2.4646e+06 5.5481e+06 2.5181e+06 5.4951e+06 3.4885e+06 4.2640e+06 3.7536e+06 3.9597e+06 3.8433e+06 3.7878e+06 4.8687e+06 2.8743e+06 5.4951e+06 2.5181e+06
7.5500 3.7657e+06 2.4134e+06 5.4134e+06 2.4647e+06 5.3629e+06 3.4105e+06 4.1581e+06 3.6658e+06 3.8656e+06 3.7568e+06 3.6938e+06 4.7490e+06 2.8074e+06 5.3629e+06 2.4647e+06
7.6500 3.6766e+06 2.3629e+06 5.2815e+06 2.4121e+06 5.2333e+06 3.3339e+06 4.0546e+06 3.5797e+06 3.7734e+06 3.6719e+06 3.6018e+06 4.6316e+06 2.7418e+06 5.2333e+06 2.4121e+06
7.7500 3.5892e+06 2.3136e+06 5.1522e+06 2.3608e+06 5.1062e+06 3.2586e+06 3.9534e+06 3.4954e+06 3.6831e+06 3.5894e+06 3.5118e+06 4.5167e+06 2.6776e+06 5.1062e+06 2.3608e+06
7.8500 3.5037e+06 2.2663e+06 5.0256e+06 2.3116e+06 4.9818e+06 3.1847e+06 3.8545e+06 3.4126e+06 3.5947e+06 3.5101e+06 3.4239e+06 4.4043e+06 2.6147e+06 4.9818e+06 2.3116e+06
7.9500 3.4199e+06 2.2212e+06 4.9016e+06 2.2647e+06 4.8599e+06 3.1121e+06 3.7578e+06 3.3316e+06 3.5081e+06 3.4346e+06 3.3381e+06 4.2944e+06 2.5532e+06 4.8599e+06 2.2647e+06
8.0500 3.3379e+06 2.1790e+06 4.7804e+06 2.2209e+06 4.7406e+06 3.0410e+06 3.6635e+06 3.2523e+06 3.4235e+06 3.3635e+06 3.2542e+06 4.1868e+06 2.4929e+06 4.7406e+06 2.2209e+06
8.1500 3.2577e+06 2.1406e+06 4.6619e+06 2.1811e+06 4.6239e+06 2.9712e+06 3.5714e+06 3.1747e+06 3.3407e+06 3.2973e+06 3.1724e+06 4.0818e+06 2.4340e+06 4.6239e+06 2.1811e+06
8.2500 3.1793e+06 2.1047e+06 4.5460e+06 2.1439e+06 4.5097e+06 2.9029e+06 3.4815e+06 3.0988e+06 3.2598e+06 3.2344e+06 3.0926e+06 3.9792e+06 2.3764e+06 4.5097e+06 2.1439e+06
8.3500 3.1026e+06 2.0697e+06 4.4328e+06 2.1078e+06 4.3982e+06 2.8360e+06 3.3938e+06 3.0246e+06 3.1807e+06 3.1736e+06 3.0146e+06 3.8790e+06 2.3200e+06 4.3982e+06 2.1078e+06
8.4500 3.0277e+06 2.0345e+06 4.3222e+06 2.0714e+06 4.2892e+06 2.7704e+06 3.3083e+06 2.9520e+06 3.1034e+06 3.1133e+06 2.9387e+06 3.7811e+06 2.2650e+06 4.2892e+06 2.0714e+06
8.5500 2.9545e+06 1.9978e+06 4.2142e+06 2.0335e+06 4.1826e+06 2.7062e+06 3.2249e+06 2.8810e+06 3.0280e+06 3.0522e+06 2.8646e+06 3.6856e+06 2.2112e+06 4.1826e+06 2.0335e+06
8.6500 2.8830e+06 1.9583e+06 4.1088e+06 1.9927e+06 4.0786e+06 2.6434e+06 3.1436e+06 2.8117e+06 2.9543e+06 2.9871e+06 2.7924e+06 3.5925e+06 2.1587e+06 4.0786e+06 1.9927e+06
8.7500 2.8132e+06 1.9167e+06 4.0059e+06 1.9498e+06 3.9771e+06 2.5820e+06 3.0644e+06 2.7440e+06 2.8824e+06 2.9192e+06 2.7220e+06 3.5016e+06 2.1074e+06 3.9771e+06 1.9498e+06
8.8500 2.7451e+06 1.8741e+06 3.9056e+06 1.9058e+06 3.8780e+06 2.5220e+06 2.9872e+06 2.6779e+06 2.8122e+06 2.8499e+06 2.6534e+06 3.4130e+06 2.0574e+06 3.8780e+06 1.9058e+06
8.9500 2.6786e+06 1.8311e+06 3.8076e+06 1.8615e+06 3.7813e+06 2.4632e+06 2.9120e+06 2.6134e+06 2.7438e+06 2.7803e+06 2.5865e+06 3.3266e+06 2.0085e+06 3.7813e+06 1.8615e+06
9.0500 2.6137e+06 1.7888e+06 3.7122e+06 1.8179e+06 3.6870e+06 2.4058e+06 2.8387e+06 2.5504e+06 2.6770e+06 2.7120e+06 2.5214e+06 3.2424e+06 1.9608e+06 3.6870e+06 1.8179e+06
9.1500 2.5504e+06 1.7490e+06 3.6191e+06 1.7769e+06 3.5950e+06 2.3498e+06 2.7673e+06 2.4890e+06 2.6118e+06 2.6478e+06 2.4580e+06 3.1603e+06 1.9143e+06 3.5950e+06 1.7769e+06
9.2500 2.4886e+06 1.7114e+06 3.5283e+06 1.7383e+06 3.5053e+06 2.2950e+06 2.6978e+06 2.4290e+06 2.5483e+06 2.5870e+06 2.3963e+06 3.0804e+06 1.8689e+06 3.5053e+06 1.7383e+06
9.3500 2.4284e+06 1.6754e+06 3.4399e+06 1.7012e+06 3.4179e+06 2.2414e+06 2.6301e+06 2.3705e+06 2.4864e+06 2.5287e+06 2.3362e+06 3.0025e+06 1.8246e+06 3.4179e+06 1.7012e+06
9.4500 2.3697e+06 1.6403e+06 3.3537e+06 1.6652e+06 3.3327e+06 2.1892e+06 2.5642e+06 2.3134e+06 2.4260e+06 2.4722e+06 2.2777e+06 2.9267e+06 1.7814e+06 3.3327e+06 1.6652e+06
9.5500 2.3125e+06 1.6057e+06 3.2698e+06 1.6298e+06 3.2496e+06 2.1382e+06 2.5001e+06 2.2578e+06 2.3671e+06 2.4167e+06 2.2208e+06 2.8529e+06 1.7393e+06 3.2496e+06 1.6298e+06
9.6500 2.2567e+06 1.5717e+06 3.1880e+06 1.5949e+06 3.1687e+06 2.0883e+06 2.4377e+06 2.2035e+06 2.3098e+06 2.3622e+06 2.1654e+06 2.7810e+06 1.6983e+06 3.1687e+06 1.5949e+06
9.7500 2.2023e+06 1.5383e+06 3.1083e+06 1.5606e+06 3.0898e+06 2.0397e+06 2.3769e+06 2.1506e+06 2.2539e+06 2.3087e+06 2.1114e+06 2.7110e+06 1.6582e+06 3.0898e+06 1.5606e+06
9.8500 2.1492e+06 1.5055e+06 3.0307e+06 1.5269e+06 3.0130e+06 1.9922e+06 2.3177e+06 2.0991e+06 2.1994e+06 2.2562e+06 2.0589e+06 2.6429e+06 1.6192e+06 3.0130e+06 1.5269e+06
9.9500 2.0976e+06 1.4732e+06 2.9551e+06 1.4939e+06 2.9381e+06 1.9459e+06 2.2602e+06 2.0488e+06 2.1463e+06 2.2048e+06 2.0078e+06 2.5765e+06 1.5811e+06 2.9381e+06 1.4939e+06
10.0500 2.0472e+06 1.4416e+06 2.8815e+06 1.4615e+06 2.8652e+06 1.9007e+06 2.2041e+06 1.9998e+06 2.0946e+06 2.1545e+06 1.9581e+06 2.5120e+06 1.5440e+06 2.8652e+06 1.4615e+06
10.1500 1.9981e+06 1.4106e+06 2.8098e+06 1.4298e+06 2.7942e+06 1.8566e+06 2.1496e+06 1.9521e+06 2.0442e+06 2.1052e+06 1.9097e+06 2.4491e+06 1.5079e+06 2.7942e+06 1.4298e+06
10.2500 1.9503e+06 1.3802e+06 2.7401e+06 1.3987e+06 2.7251e+06 1.8136e+06 2.0965e+06 1.9055e+06 1.9951e+06 2.0570e+06 1.8626e+06 2.3879e+06 1.4726e+06 2.7251e+06 1.3987e+06
10.3500 1.9037e+06 1.3504e+06 2.6721e+06 1.3682e+06 2.6578e+06 1.7716e+06 2.0449e+06 1.8602e+06 1.9473e+06 2.0099e+06 1.8168e+06 2.3284e+06 1.4383e+06 2.6578e+06 1.3682e+06
10.4500 1.8584e+06 1.3213e+06 2.6060e+06 1.3384e+06 2.5922e+06 1.7306e+06 1.9946e+06 1.8160e+06 1.9007e+06 1.9638e+06 1.7722e+06 2.2705e+06 1.4048e+06 2.5922e+06 1.3384e+06
10.5500 1.8141e+06 1.2928e+06 2.5416e+06 1.3093e+06 2.5284e+06 1.6907e+06 1.9457e+06 1.7729e+06 1.8554e+06 1.9188e+06 1.7288e+06 2.2141e+06 1.3722e+06 2.5284e+06 1.3093e+06
10.6500 1.7711e+06 1.2649e+06 2.4789e+06 1.2808e+06 2.4663e+06 1.6517e+06 1.8982e+06 1.7310e+06 1.8112e+06 1.8748e+06 1.6866e+06 2.1593e+06 1.3404e+06 2.4663e+06 1.2808e+06
10.7500 1.7291e+06 1.2376e+06 2.4179e+06 1.2529e+06 2.4058e+06 1.6137e+06 1.8519e+06 1.6901e+06 1.7681e+06 1.8318e+06 1.6455e+06 2.1059e+06 1.3094e+06 2.4058e+06 1.2529e+06
10.8500 1.6882e+06 1.2109e+06 2.3586e+06 1.2256e+06 2.3469e+06 1.5767e+06 1.8068e+06 1.6503e+06 1.7262e+06 1.7899e+06 1.6055e+06 2.0540e+06 1.2792e+06 2.3469e+06 1.2256e+06
10.9500 1.6484e+06 1.1848e+06 2.3008e+06 1.1990e+06 2.2896e+06 1.5406e+06 1.7630e+06 1.6115e+06 1.6854e+06 1.7490e+06 1.5666e+06 2.0034e+06 1.2498e+06 2.2896e+06 1.1990e+06
11.0500 1.6097e+06 1.1593e+06 2.2446e+06 1.1730e+06 2.2338e+06 1.5053e+06 1.7204e+06 1.5737e+06 1.6456e+06 1.7091e+06 1.5288e+06 1.9543e+06 1.2212e+06 2.2338e+06 1.1730e+06
11.1500 1.5719e+06 1.1344e+06 2.1898e+06 1.1477e+06 2.1795e+06 1.4710e+06 1.6789e+06 1.5369e+06 1.6069e+06 1.6702e+06 1.4920e+06 1.9065e+06 1.1932e+06 2.1795e+06 1.1477e+06
11.2500 1.5351e+06 1.1101e+06 2.1366e+06 1.1229e+06 2.1266e+06 1.4375e+06 1.6385e+06 1.5010e+06 1.5692e+06 1.6322e+06 1.4562e+06 1.8600e+06 1.1660e+06 2.1266e+06 1.1229e+06
11.3500 1.4993e+06 1.0864e+06 2.0847e+06 1.0987e+06 2.0752e+06 1.4048e+06 1.5992e+06 1.4661e+06 1.5325e+06 1.5953e+06 1.4214e+06 1.8147e+06 1.1395e+06 2.0752e+06 1.0987e+06
11.4500 1.4644e+06 1.0633e+06 2.0343e+06 1.0752e+06 2.0251e+06 1.3730e+06 1.5610e+06 1.4321e+06 1.4967e+06 1.5592e+06 1.3875e+06 1.7707e+06 1.1136e+06 2.0251e+06 1.0752e+06
11.5500 1.4304e+06 1.0407e+06 1.9852e+06 1.0521e+06 1.9764e+06 1.3419e+06 1.5238e+06 1.3989e+06 1.4619e+06 1.5242e+06 1.3545e+06 1.7278e+06 1.0884e+06 1.9764e+06 1.0521e+06
11.6500 1.3973e+06 1.0186e+06 1.9375e+06 1.0297e+06 1.9290e+06 1.3117e+06 1.4876e+06 1.3666e+06 1.4280e+06 1.4900e+06 1.3224e+06 1.6862e+06 1.0639e+06 1.9290e+06 1.0297e+06
11.7500 1.3650e+06 9.9711e+05 1.8910e+06 1.0078e+06 1.8828e+06 1.2822e+06 1.4524e+06 1.3352e+06 1.3949e+06 1.4567e+06 1.2912e+06 1.6456e+06 1.0400e+06 1.8828e+06 1.0078e+06
11.8500 1.3336e+06 9.7611e+05 1.8457e+06 9.8646e+05 1.8379e+06 1.2534e+06 1.4181e+06 1.3045e+06 1.3627e+06 1.4242e+06 1.2608e+06 1.6062e+06 1.0167e+06 1.8379e+06 9.8646e+05
11.9500 1.3030e+06 9.5560e+05 1.8017e+06 9.6559e+05 1.7941e+06 1.2253e+06 1.3847e+06 1.2747e+06 1.3314e+06 1.3926e+06 1.2312e+06 1.5678e+06 9.9395e+05 1.7941e+06 9.6559e+05
12.0500 1.2732e+06 9.3556e+05 1.7588e+06 9.4522e+05 1.7515e+06 1.1979e+06 1.3522e+06 1.2456e+06 1.3008e+06 1.3617e+06 1.2024e+06 1.5304e+06 9.7180e+05 1.7515e+06 9.4522e+05
12.1500 1.2441e+06 9.1599e+05 1.7170e+06 9.2532e+05 1.7100e+06 1.1712e+06 1.3206e+06 1.2172e+06 1.2711e+06 1.3315e+06 1.1744e+06 1.4940e+06 9.5020e+05 1.7100e+06 9.2532e+05
12.2500 1.2158e+06 8.9687e+05 1.6763e+06 9.0588e+05 1.6696e+06 1.1452e+06 1.2898e+06 1.1895e+06 1.2421e+06 1.3021e+06 1.1471e+06 1.4586e+06 9.2914e+05 1.6696e+06 9.0588e+05
12.3500 1.1882e+06 8.7819e+05 1.6368e+06 8.8690e+05 1.6303e+06 1.1198e+06 1.2598e+06 1.1626e+06 1.2138e+06 1.2735e+06 1.1205e+06 1.4242e+06 9.0860e+05 1.6303e+06 8.8690e+05
12.4500 1.1613e+06 8.5994e+05 1.5982e+06 8.6837e+05 1.5920e+06 1.0951e+06 1.2306e+06 1.1363e+06 1.1863e+06 1.2455e+06 1.0946e+06 1.3906e+06 8.8858e+05 1.5920e+06 8.6837e+05
12.5500 1.1351e+06 8.4212e+05 1.5607e+06 8.5027e+05 1.5547e+06 1.0710e+06 1.2022e+06 1.1107e+06 1.1594e+06 1.2182e+06 1.0694e+06 1.3579e+06 8.6907e+05 1.5547e+06 8.5027e+05
12.6500 1.1095e+06 8.2471e+05 1.5241e+06 8.3259e+05 1.5183e+06 1.0474e+06 1.1745e+06 1.0858e+06 1.1333e+06 1.1916e+06 1.0448e+06 1.3261e+06 8.5004e+05 1.5183e+06 8.3259e+05
12.7500 1.0846e+06 8.0770e+05 1.4886e+06 8.1532e+05 1.4830e+06 1.0244e+06 1.1475e+06 1.0615e+06 1.1078e+06 1.1656e+06 1.0209e+06 1.2952e+06 8.3148e+05 1.4830e+06 8.1532e+05
12.8500 1.0604e+06 7.9108e+05 1.4539e+06 7.9845e+05 1.4485e+06 1.0020e+06 1.1213e+06 1.0378e+06 1.0830e+06 1.1403e+06 9.9766e+05 1.2650e+06 8.1339e+05 1.4485e+06 7.9845e+05
12.9500 1.0367e+06 7.7485e+05 1.4202e+06 7.8198e+05 1.4150e+06 9.8020e+05 1.0957e+06 1.0147e+06 1.0588e+06 1.1156e+06 9.7500e+05 1.2357e+06 7.9574e+05 1.4150e+06 7.8198e+05
13.0500 1.0137e+06 7.5900e+05 1.3873e+06 7.6589e+05 1.3823e+06 9.5890e+05 1.0708e+06 9.9219e+05 1.0352e+06 1.0915e+06 9.5292e+05 1.2071e+06 7.7854e+05 1.3823e+06 7.6589e+05
13.1500 9.9123e+05 7.4350e+05 1.3553e+06 7.5017e+05 1.3505e+06 9.3812e+05 1.0465e+06 9.7025e+05 1.0122e+06 1.0679e+06 9.3142e+05 1.1793e+06 7.6176e+05 1.3505e+06 7.5017e+05
13.2500 9.6934e+05 7.2836e+05 1.3242e+06 7.3482e+05 1.3195e+06 9.1785e+05 1.0229e+06 9.4886e+05 9.8981e+05 1.0450e+06 9.1048e+05 1.1522e+06 7.4539e+05 1.3195e+06 7.3482e+05
13.3500 9.4800e+05 7.1357e+05 1.2938e+06 7.1982e+05 1.2893e+06 8.9808e+05 9.9987e+05 9.2801e+05 9.6798e+05 1.0226e+06 8.9008e+05 1.1259e+06 7.2943e+05 1.2893e+06 7.1982e+05
13.4500 9.2719e+05 6.9912e+05 1.2643e+06 7.0517e+05 1.2599e+06 8.7880e+05 9.7745e+05 9.0768e+05 9.4670e+05 1.0007e+06 8.7022e+05 1.1002e+06 7.1387e+05 1.2599e+06 7.0517e+05
13.5500 9.0691e+05 6.8500e+05 1.2355e+06 6.9086e+05 1.2313e+06 8.5999e+05 9.5561e+05 8.8787e+05 9.2596e+05 9.7939e+05 8.5086e+05 1.0752e+06 6.9868e+05 1.2313e+06 6.9086e+05
13.6500 8.8714e+05 6.7120e+05 1.2075e+06 6.7688e+05 1.2034e+06 8.4164e+05 9.3433e+05 8.6855e+05 9.0574e+05 9.5858e+05 8.3201e+05 1.0508e+06 6.8388e+05 1.2034e+06 6.7688e+05
13.7500 8.6787e+05 6.5772e+05 1.1801e+06 6.6321e+05 1.1762e+06 8.2374e+05 9.1360e+05 8.4972e+05 8.8603e+05 9.3827e+05 8.1364e+05 1.0271e+06 6.6943e+05 1.1762e+06 6.6321e+05
13.8500 8.4908e+05 6.4455e+05 1.1535e+06 6.4986e+05 1.1498e+06 8.0627e+05 8.9341e+05 8.3135e+05 8.6682e+05 9.1844e+05 7.9574e+05 1.0040e+06 6.5534e+05 1.1498e+06 6.4986e+05
13.9500 8.3077e+05 6.3167e+05 1.1276e+06 6.3682e+05 1.1240e+06 7.8924e+05 8.7373e+05 8.1345e+05 8.4808e+05 8.9910e+05 7.7831e+05 9.8154e+05 6.4160e+05 1.1240e+06 6.3682e+05
14.0500 8.1291e+05 6.1909e+05 1.1024e+06 6.2408e+05 1.0989e+06 7.7261e+05 8.5456e+05 7.9599e+05 8.2982e+05 8.8022e+05 7.6132e+05 9.5964e+05 6.2818e+05 1.0989e+06 6.2408e+05
14.1500 7.9549e+05 6.0679e+05 1.0778e+06 6.1163e+05 1.0744e+06 7.5640e+05 8.3587e+05 7.7896e+05 8.1202e+05 8.6179e+05 7.4477e+05 9.3830e+05 6.1510e+05 1.0744e+06 6.1163e+05
14.2500 7.7851e+05 5.9477e+05 1.0539e+06 5.9946e+05 1.0506e+06 7.4058e+05 8.1767e+05 7.6236e+05 7.9466e+05 8.4380e+05 7.2864e+05 9.1752e+05 6.0234e+05 1.0506e+06 5.9946e+05
14.3500 7.6195e+05 5.8303e+05 1.0305e+06 5.8757e+05 1.0274e+06 7.2514e+05 7.9992e+05 7.4618e+05 7.7773e+05 8.2624e+05 7.1292e+05 8.9728e+05 5.8988e+05 1.0274e+06 5.8757e+05
14.4500 7.4580e+05 5.7154e+05 1.0078e+06 5.7594e+05 1.0048e+06 7.1007e+05 7.8263e+05 7.3038e+05 7.6122e+05 8.0910e+05 6.9760e+05 8.7756e+05 5.7773e+05 1.0048e+06 5.7594e+05
14.5500 7.3005e+05 5.6032e+05 9.8565e+05 5.6458e+05 9.8269e+05 6.9536e+05 7.6576e+05 7.1498e+05 7.4512e+05 7.9236e+05 6.8266e+05 8.5833e+05 5.6587e+05 9.8269e+05 5.6458e+05
14.6500 7.1467e+05 5.4934e+05 9.6404e+05 5.5348e+05 9.6118e+05 6.8100e+05 7.4931e+05 6.9994e+05 7.2940e+05 7.7602e+05 6.6808e+05 8.3958e+05 5.5428e+05 9.6118e+05 5.5348e+05
14.7500 6.9966e+05 5.3861e+05 9.4297e+05 5.4262e+05 9.4020e+05 6.6697e+05 7.3326e+05 6.8526e+05 7.1406e+05 7.6005e+05 6.5387e+05 8.2130e+05 5.4296e+05 9.4020e+05 5.4262e+05
14.8500 6.8501e+05 5.2803e+05 9.2242e+05 5.3192e+05 9.1975e+05 6.5327e+05 7.1761e+05 6.7094e+05 6.9909e+05 7.4446e+05 6.4000e+05 8.0348e+05 5.3192e+05 9.1975e+05 5.3200e+05
14.9500 6.7072e+05 5.1737e+05 9.0238e+05 5.2113e+05 8.9980e+05 6.3990e+05 7.0234e+05 6.5695e+05 6.8448e+05 7.2923e+05 6.2647e+05 7.8610e+05 5.2113e+05 8.9980e+05 5.2162e+05
15.0500 6.5676e+05 5.0695e+05 8.8284e+05 5.1059e+05 8.8034e+05 6.2684e+05 6.8745e+05 6.4330e+05 6.7022e+05 7.1435e+05 6.1327e+05 7.6915e+05 5.1059e+05 8.8034e+05 5.1147e+05
15.1500 6.4314e+05 4.9678e+05 8.6378e+05 5.0030e+05 8.6136e+05 6.1408e+05 6.7292e+05 6.2998e+05 6.5630e+05 6.9982e+05 6.0039e+05 7.5262e+05 5.0030e+05 8.6136e+05 5.0155e+05
15.2500 6.2984e+05 4.8684e+05 8.4519e+05 4.9024e+05 8.4285e+05 6.0161e+05 6.5874e+05 6.1697e+05 6.4271e+05 6.8562e+05 5.8783e+05 7.3650e+05 4.9024e+05 8.4285e+05 4.9185e+05
15.3500 6.1686e+05 4.7713e+05 8.2705e+05 4.8042e+05 8.2479e+05 5.8944e+05 6.4490e+05 6.0427e+05 6.2944e+05 6.7176e+05 5.7556e+05 7.2078e+05 4.8042e+05 8.2479e+05 4.8236e+05
15.4500 6.0418e+05 4.6764e+05 8.0937e+05 4.7083e+05 8.0718e+05 5.7755e+05 6.3140e+05 5.9187e+05 6.1650e+05 6.5821e+05 5.6360e+05 7.0544e+05 4.7083e+05 8.0718e+05 4.7308e+05
15.5500 5.9181e+05 4.5837e+05 7.9211e+05 4.6146e+05 7.8999e+05 5.6594e+05 6.1822e+05 5.7976e+05 6.0385e+05 6.4497e+05 5.5192e+05 6.9047e+05 4.6146e+05 7.8999e+05 4.6400e+05
15.6500 5.7972e+05 4.4931e+05 7.7528e+05 4.5230e+05 7.7323e+05 5.5459e+05 6.0537e+05 5.6794e+05 5.9151e+05 6.3204e+05 5.4052e+05 6.7587e+05 4.5230e+05 7.7323e+05 4.5512e+05
15.7500 5.6792e+05 4.4046e+05 7.5885e+05 4.4336e+05 7.5687e+05 5.4350e+05 5.9282e+05 5.5639e+05 5.7946e+05 6.1940e+05 5.2940e+05 6.6163e+05 4.4336e+05 7.5687e+05 4.4644e+05
15.8500 5.5640e+05 4.3181e+05 7.4283e+05 4.3462e+05 7.4091e+05 5.3267e+05 5.8057e+05 5.4512e+05 5.6769e+05 6.0705e+05 5.1854e+05 6.4774e+05 4.3462e+05 7.4091e+05 4.3795e+05
15.9500 5.4515e+05 4.2336e+05 7.2719e+05 4.2608e+05 7.2533e+05 5.2209e+05 5.6862e+05 5.3411e+05 5.5619e+05 5.9499e+05 5.0794e+05 6.3418e+05 4.2608e+05 7.2533e+05 4.2964e+05
16.0500 5.3416e+05 4.1510e+05 7.1193e+05 4.1773e+05 7.1013e+05 5.1175e+05 5.5694e+05 5.2335e+05 5.4497e+05 5.8320e+05 4.9759e+05 6.2095e+05 4.1773e+05 7.1013e+05 4.2152e+05
16.1500 5.2343e+05 4.0703e+05 6.9704e+05 4.0958e+05 6.9530e+05 5.0165e+05 5.4555e+05 5.1285e+05 5.3401e+05 5.7167e+05 4.8749e+05 6.0804e+05 4.0958e+05 6.9530e+05 4.1357e+05
16.2500 5.1294e+05 3.9914e+05 6.8251e+05 4.0161e+05 6.8082e+05 4.9178e+05 5.3443e+05 5.0259e+05 5.2330e+05 5.6041e+05 4.7762e+05 5.9544e+05 4.0161e+05 6.8082e+05 4.0579e+05
16.3500 5.0270e+05 3.9143e+05 6.6833e+05 3.9382e+05 6.6670e+05 4.8213e+05 5.2357e+05 4.9257e+05 5.1284e+05 5.4940e+05 4.6799e+05 5.8314e+05 3.9382e+05 6.6670e+05 3.9818e+05
16.4500 4.9270e+05 3.8389e+05 6.5449e+05 3.8620e+05 6.5291e+05 4.7270e+05 5.1297e+05 4.8278e+05 5.0263e+05 5.3864e+05 4.5859e+05 5.7114e+05 3.8620e+05 6.5291e+05 3.9074e+05
16.5500 4.8293e+05 3.7652e+05 6.4098e+05 3.7876e+05 6.3944e+05 4.6349e+05 5.0262e+05 4.7321e+05 4.9265e+05 5.2812e+05 4.4940e+05 5.5943e+05 3.7876e+05 6.3944e+05 3.8346e+05
16.6500 4.7338e+05 3.6931e+05 6.2779e+05 3.7149e+05 6.2630e+05 4.5448e+05 4.9250e+05 4.6387e+05 4.8290e+05 5.1784e+05 4.4044e+05 5.4799e+05 3.7149e+05 6.2630e+05 3.7633e+05
16.7500 4.6406e+05 3.6227e+05 6.1492e+05 3.6438e+05 6.1348e+05 4.4568e+05 4.8263e+05 4.5474e+05 4.7338e+05 5.0779e+05 4.3168e+05 5.3683e+05 3.6438e+05 6.1348e+05 3.6936e+05
16.8500 4.5494e+05 3.5538e+05 6.0235e+05 3.5742e+05 6.0096e+05 4.3707e+05 4.7299e+05 4.4582e+05 4.6407e+05 4.9797e+05 4.2312e+05 5.2593e+05 3.5742e+05 6.0096e+05 3.6254e+05
16.9500 4.4604e+05 3.4864e+05 5.9008e+05 3.5063e+05 5.8873e+05 4.2866e+05 4.6357e+05 4.3710e+05 4.5498e+05 4.8836e+05 4.1477e+05 5.1529e+05 3.5063e+05 5.8873e+05 3.5586e+05
17.0500 4.3734e+05 3.4206e+05 5.7810e+05 3.4398e+05 5.7679e+05 4.2044e+05 4.5438e+05 4.2858e+05 4.4610e+05 4.7897e+05 4.0661e+05 5.0490e+05 3.4398e+05 5.7679e+05 3.4932e+05
17.1500 4.2884e+05 3.3562e+05 5.6640e+05 3.3748e+05 5.6513e+05 4.1240e+05 4.4539e+05 4.2026e+05 4.3742e+05 4.6979e+05 3.9864e+05 4.9476e+05 3.3748e+05 5.6513e+05 3.4292e+05
17.2500 4.2053e+05 3.2932e+05 5.5498e+05 3.3113e+05 5.5375e+05 4.0454e+05 4.3662e+05 4.1212e+05 4.2894e+05 4.6081e+05 3.9085e+05 4.8486e+05 3.3113e+05 5.5375e+05 3.3666e+05
17.3500 4.1241e+05 3.2316e+05 5.4383e+05 3.2492e+05 5.4264e+05 3.9685e+05 4.2804e+05 4.0417e+05 4.2064e+05 4.5203e+05 3.8324e+05 4.7519e+05 3.2492e+05 5.4264e+05 3.3054e+05
17.4500 4.0447e+05 3.1714e+05 5.3294e+05 3.1884e+05 5.3178e+05 3.8934e+05 4.1966e+05 3.9640e+05 4.1254e+05 4.4344e+05 3.7580e+05 4.6574e+05 3.1884e+05 5.3178e+05 3.2454e+05
17.5500 3.9671e+05 3.1125e+05 5.2230e+05 3.1290e+05 5.2118e+05 3.8199e+05 4.1148e+05 3.8880e+05 4.0462e+05 4.3505e+05 3.6854e+05 4.5652e+05 3.1290e+05 5.2118e+05 3.1867e+05
17.6500 3.8913e+05 3.0549e+05 5.1192e+05 3.0709e+05 5.1083e+05 3.7481e+05 4.0348e+05 3.8138e+05 3.9688e+05 4.2684e+05 3.6144e+05 4.4751e+05 3.0709e+05 5.1083e+05 3.1292e+05
17.7500 3.8172e+05 2.9985e+05 5.0177e+05 3.0140e+05 5.0071e+05 3.6778e+05 3.9567e+05 3.7412e+05 3.8932e+05 4.1880e+05 3.5450e+05 4.3871e+05 3.0140e+05 5.0071e+05 3.0729e+05
17.8500 3.7447e+05 2.9433e+05 4.9186e+05 2.9584e+05 4.9083e+05 3.6091e+05 3.8803e+05 3.6702e+05 3.8192e+05 4.1095e+05 3.4772e+05 4.3012e+05 2.9584e+05 4.9083e+05 3.0178e+05
17.9500 3.6738e+05 2.8894e+05 4.8217e+05 2.9040e+05 4.8118e+05 3.5419e+05 3.8057e+05 3.6008e+05 3.7468e+05 4.0326e+05 3.4110e+05 4.2171e+05 2.9040e+05 4.8118e+05 2.9638e+05
18.0500 3.6045e+05 2.8365e+05 4.7271e+05 2.8507e+05 4.7174e+05 3.4761e+05 3.7327e+05 3.5329e+05 3.6761e+05 3.9574e+05 3.3461e+05 4.1350e+05 2.8507e+05 4.7174e+05 2.9110e+05
18.1500 3.5367e+05 2.7848e+05 4.6346e+05 2.7986e+05 4.6252e+05 3.4118e+05 3.6614e+05 3.4665e+05 3.6069e+05 3.8838e+05 3.2828e+05 4.0548e+05 2.7986e+05 4.6252e+05 2.8592e+05
18.2500 3.4704e+05 2.7342e+05 4.5442e+05 2.7476e+05 4.5351e+05 3.3488e+05 3.5916e+05 3.4016e+05 3.5392e+05 3.8118e+05 3.2208e+05 3.9764e+05 2.7476e+05 4.5351e+05 2.8085e+05
18.3500 3.4055e+05 2.6847e+05 4.4559e+05 2.6977e+05 4.4471e+05 3.2871e+05 3.5234e+05 3.3380e+05 3.4730e+05 3.7413e+05 3.1602e+05 3.8997e+05 2.6977e+05 4.4471e+05 2.7589e+05
18.4500 3.3420e+05 2.6362e+05 4.3695e+05 2.6488e+05 4.3610e+05 3.2268e+05 3.4567e+05 3.2758e+05 3.4082e+05 3.6723e+05 3.1009e+05 3.8248e+05 2.6488e+05 4.3610e+05 2.7102e+05
18.5500 3.2800e+05 2.5887e+05 4.2851e+05 2.6010e+05 4.2768e+05 3.1678e+05 3.3914e+05 3.2150e+05 3.3449e+05 3.6048e+05 3.0429e+05 3.7516e+05 2.6010e+05 4.2768e+05 2.6626e+05
18.6500 3.2192e+05 2.5423e+05 4.2026e+05 2.5542e+05 4.1946e+05 3.1100e+05 3.3276e+05 3.1555e+05 3.2829e+05 3.5387e+05 2.9862e+05 3.6799e+05 2.5542e+05 4.1946e+05 2.6159e+05
18.7500 3.1598e+05 2.4968e+05 4.1220e+05 2.5084e+05 4.1141e+05 3.0535e+05 3.2652e+05 3.0973e+05 3.2222e+05 3.4741e+05 2.9308e+05 3.6099e+05 2.5084e+05 4.1141e+05 2.5702e+05
18.8500 3.1016e+05 2.4522e+05 4.0431e+05 2.4635e+05 4.0355e+05 2.9982e+05 3.2042e+05 3.0404e+05 3.1629e+05 3.4108e+05 2.8765e+05 3.5414e+05 2.4635e+05 4.0355e+05 2.5254e+05
18.9500 3.0447e+05 2.4086e+05 3.9660e+05 2.4195e+05 3.9586e+05 2.9440e+05 3.1445e+05 2.9846e+05 3.1048e+05 3.3488e+05 2.8234e+05 3.4745e+05 2.4195e+05 3.9586e+05 2.4815e+05
19.0500 2.9890e+05 2.3659e+05 3.8906e+05 2.3765e+05 3.8834e+05 2.8910e+05 3.0861e+05 2.9301e+05 3.0480e+05 3.2881e+05 2.7715e+05 3.4090e+05 2.3765e+05 3.8834e+05 2.4385e+05
19.1500 2.9345e+05 2.3241e+05 3.8168e+05 2.3344e+05 3.8099e+05 2.8390e+05 3.0289e+05 2.8767e+05 2.9924e+05 3.2287e+05 2.7206e+05 3.3450e+05 2.3344e+05 3.8099e+05 2.3963e+05
19.2500 2.8812e+05 2.2831e+05 3.7447e+05 2.2931e+05 3.7380e+05 2.7882e+05 2.9730e+05 2.8244e+05 2.9380e+05 3.1706e+05 2.6709e+05 3.2824e+05 2.2931e+05 3.7380e+05 2.3550e+05
19.3500 2.8290e+05 2.2430e+05 3.6742e+05 2.2527e+05 3.6676e+05 2.7384e+05 2.9183e+05 2.7732e+05 2.8847e+05 3.1136e+05 2.6222e+05 3.2211e+05 2.2527e+05 3.6676e+05 2.3145e+05
19.4500 2.7779e+05 2.2037e+05 3.6052e+05 2.2132e+05 3.5988e+05 2.6897e+05 2.8648e+05 2.7232e+05 2.8326e+05 3.0579e+05 2.5746e+05 3.1612e+05 2.2132e+05 3.5988e+05 2.2749e+05
19.5500 2.7278e+05 2.1652e+05 3.5378e+05 2.1744e+05 3.5315e+05 2.6419e+05 2.8124e+05 2.6742e+05 2.7815e+05 3.0033e+05 2.5280e+05 3.1026e+05 2.1744e+05 3.5315e+05 2.2360e+05
19.6500 2.6788e+05 2.1275e+05 3.4717e+05 2.1364e+05 3.4657e+05 2.5952e+05 2.7612e+05 2.6262e+05 2.7315e+05 2.9498e+05 2.4824e+05 3.0452e+05 2.1364e+05 3.4657e+05 2.1979e+05
19.7500 2.6309e+05 2.0905e+05 3.4072e+05 2.0992e+05 3.4013e+05 2.5494e+05 2.7110e+05 2.5792e+05 2.6826e+05 2.8974e+05 2.4377e+05 2.9891e+05 2.0992e+05 3.4013e+05 2.1605e+05
19.8500 2.5840e+05 2.0544e+05 3.3440e+05 2.0628e+05 3.3383e+05 2.5046e+05 2.6619e+05 2.5332e+05 2.6347e+05 2.8461e+05 2.3940e+05 2.9342e+05 2.0628e+05 3.3383e+05 2.1239e+05
19.9500 2.5380e+05 2.0189e+05 3.2822e+05 2.0271e+05 3.2766e+05 2.4606e+05 2.6138e+05 2.4881e+05 2.5878e+05 2.7959e+05 2.3512e+05 2.8805e+05 2.0271e+05 3.2766e+05 2.0880e+05
20.0500 2.4930e+05 1.9842e+05 3.2217e+05 1.9922e+05 3.2163e+05 2.4176e+05 2.5668e+05 2.4440e+05 2.5419e+05 2.7467e+05 2.3093e+05 2.8279e+05 1.9922e+05 3.2163e+05 2.0528e+05
20.1500 2.4489e+05 1.9501e+05 3.1625e+05 1.9579e+05 3.1573e+05 2.3755e+05 2.5207e+05 2.4008e+05 2.4969e+05 2.6985e+05 2.2683e+05 2.7764e+05 1.9579e+05 3.1573e+05 2.0183e+05
20.2500 2.4057e+05 1.9168e+05 3.1046e+05 1.9243e+05 3.0995e+05 2.3342e+05 2.4756e+05 2.3585e+05 2.4529e+05 2.6513e+05 2.2281e+05 2.7261e+05 1.9243e+05 3.0995e+05 1.9845e+05
20.3500 2.3634e+05 1.8841e+05 3.0479e+05 1.8914e+05 3.0430e+05 2.2938e+05 2.4315e+05 2.3171e+05 2.4098e+05 2.6050e+05 2.1888e+05 2.6768e+05 1.8914e+05 3.0430e+05 1.9513e+05
20.4500 2.3220e+05 1.8520e+05 2.9925e+05 1.8592e+05 2.9876e+05 2.2542e+05 2.3882e+05 2.2765e+05 2.3675e+05 2.5597e+05 2.1502e+05 2.6286e+05 1.8592e+05 2.9876e+05 1.9188e+05
20.5500 2.2814e+05 1.8206e+05 2.9382e+05 1.8276e+05 2.9335e+05 2.2153e+05 2.3459e+05 2.2368e+05 2.3261e+05 2.5152e+05 2.1125e+05 2.5814e+05 1.8276e+05 2.9335e+05 1.8869e+05
20.6500 2.2417e+05 1.7899e+05 2.8850e+05 1.7966e+05 2.8804e+05 2.1773e+05 2.3044e+05 2.1978e+05 2.2856e+05 2.4717e+05 2.0756e+05 2.5351e+05 1.7966e+05 2.8804e+05 1.8556e+05
20.7500 2.2028e+05 1.7597e+05 2.8330e+05 1.7663e+05 2.8286e+05 2.1400e+05 2.2639e+05 2.1597e+05 2.2459e+05 2.4291e+05 2.0394e+05 2.4899e+05 1.7663e+05 2.8286e+05 1.8250e+05
20.8500 2.1646e+05 1.7301e+05 2.7821e+05 1.7366e+05 2.7778e+05 2.1035e+05 2.2241e+05 2.1223e+05 2.2070e+05 2.3873e+05 2.0040e+05 2.4456e+05 1.7366e+05 2.7778e+05 1.7949e+05
20.9500 2.1273e+05 1.7011e+05 2.7322e+05 1.7074e+05 2.7280e+05 2.0677e+05 2.1852e+05 2.0857e+05 2.1689e+05 2.3464e+05 1.9692e+05 2.4022e+05 1.7074e+05 2.7280e+05 1.7654e+05
21.0500 2.0907e+05 1.6727e+05 2.6834e+05 1.6788e+05 2.6793e+05 2.0326e+05 2.1470e+05 2.0498e+05 2.1316e+05 2.3062e+05 1.9352e+05 2.3597e+05 1.6788e+05 2.6793e+05 1.7364e+05
21.1500 2.0548e+05 1.6449e+05 2.6356e+05 1.6508e+05 2.6316e+05 1.9982e+05 2.1097e+05 2.0147e+05 2.0950e+05 2.2669e+05 1.9019e+05 2.3181e+05 1.6508e+05 2.6316e+05 1.7080e+05
21.2500 2.0197e+05 1.6176e+05 2.5888e+05 1.6233e+05 2.5849e+05 1.9645e+05 2.0731e+05 1.9802e+05 2.0591e+05 2.2284e+05 1.8693e+05 2.2774e+05 1.6233e+05 2.5849e+05 1.6802e+05
21.3500 1.9852e+05 1.5908e+05 2.5430e+05 1.5964e+05 2.5392e+05 1.9315e+05 2.0372e+05 1.9465e+05 2.0240e+05 2.1906e+05 1.8373e+05 2.2375e+05 1.5964e+05 2.5392e+05 1.6529e+05
21.4500 1.9515e+05 1.5645e+05 2.4981e+05 1.5700e+05 2.4944e+05 1.8991e+05 2.0021e+05 1.9134e+05 1.9896e+05 2.1535e+05 1.8060e+05 2.1984e+05 1.5700e+05 2.4944e+05 1.6261e+05
21.5500 1.9184e+05 1.5388e+05 2.4542e+05 1.5441e+05 2.4506e+05 1.8673e+05 1.9677e+05 1.8810e+05 1.9559e+05 2.1172e+05 1.7752e+05 2.1601e+05 1.5441e+05 2.4506e+05 1.5998e+05
21.6500 1.8860e+05 1.5135e+05 2.4111e+05 1.5187e+05 2.4076e+05 1.8362e+05 1.9340e+05 1.8492e+05 1.9228e+05 2.0816e+05 1.7452e+05 2.1226e+05 1.5187e+05 2.4076e+05 1.5740e+05
21.7500 1.8542e+05 1.4888e+05 2.3690e+05 1.4938e+05 2.3656e+05 1.8057e+05 1.9010e+05 1.8181e+05 1.8904e+05 2.0467e+05 1.7157e+05 2.0859e+05 1.4938e+05 2.3656e+05 1.5487e+05
21.8500 1.8231e+05 1.4645e+05 2.3277e+05 1.4694e+05 2.3243e+05 1.7758e+05 1.8686e+05 1.7875e+05 1.8586e+05 2.0125e+05 1.6868e+05 2.0499e+05 1.4694e+05 2.3243e+05 1.5239e+05
21.9500 1.7926e+05 1.4406e+05 2.2872e+05 1.4454e+05 2.2840e+05 1.7464e+05 1.8369e+05 1.7576e+05 1.8275e+05 1.9790e+05 1.6584e+05 2.0147e+05 1.4454e+05 2.2840e+05 1.4995e+05
22.0500 1.7626e+05 1.4173e+05 2.2476e+05 1.4220e+05 2.2444e+05 1.7177e+05 1.8058e+05 1.7283e+05 1.7970e+05 1.9460e+05 1.6307e+05 1.9801e+05 1.4220e+05 2.2444e+05 1.4756e+05
22.1500 1.7333e+05 1.3944e+05 2.2087e+05 1.3989e+05 2.2057e+05 1.6894e+05 1.7753e+05 1.6995e+05 1.7670e+05 1.9138e+05 1.6034e+05 1.9463e+05 1.3989e+05 2.2057e+05 1.4521e+05
22.2500 1.7045e+05 1.3719e+05 2.1707e+05 1.3763e+05 2.1677e+05 1.6618e+05 1.7454e+05 1.6713e+05 1.7377e+05 1.8821e+05 1.5767e+05 1.9131e+05 1.3763e+05 2.1677e+05 1.4291e+05
22.3500 1.6763e+05 1.3498e+05 2.1334e+05 1.3541e+05 2.1305e+05 1.6346e+05 1.7161e+05 1.6436e+05 1.7089e+05 1.8511e+05 1.5506e+05 1.8806e+05 1.3541e+05 2.1305e+05 1.4065e+05
22.4500 1.6486e+05 1.3281e+05 2.0969e+05 1.3324e+05 2.0940e+05 1.6080e+05 1.6874e+05 1.6165e+05 1.6807e+05 1.8207e+05 1.5249e+05 1.8488e+05 1.3324e+05 2.0940e+05 1.3843e+05
22.5500 1.6215e+05 1.3069e+05 2.0611e+05 1.3110e+05 2.0583e+05 1.5818e+05 1.6592e+05 1.5899e+05 1.6530e+05 1.7908e+05 1.4997e+05 1.8175e+05 1.3110e+05 2.0583e+05 1.3625e+05
22.6500 1.5948e+05 1.2860e+05 2.0260e+05 1.2900e+05 2.0233e+05 1.5562e+05 1.6316e+05 1.5638e+05 1.6259e+05 1.7615e+05 1.4750e+05 1.7869e+05 1.2900e+05 2.0233e+05 1.3411e+05
22.7500 1.5687e+05 1.2656e+05 1.9916e+05 1.2695e+05 1.9889e+05 1.5311e+05 1.6046e+05 1.5382e+05 1.5993e+05 1.7328e+05 1.4508e+05 1.7569e+05 1.2695e+05 1.9889e+05 1.3201e+05
22.8500 1.5431e+05 1.2455e+05 1.9579e+05 1.2493e+05 1.9553e+05 1.5064e+05 1.5780e+05 1.5131e+05 1.5732e+05 1.7046e+05 1.4271e+05 1.7275e+05 1.2493e+05 1.9553e+05 1.2995e+05
22.9500 1.5180e+05 1.2258e+05 1.9248e+05 1.2295e+05 1.9223e+05 1.4822e+05 1.5520e+05 1.4885e+05 1.5475e+05 1.6770e+05 1.4038e+05 1.6986e+05 1.2295e+05 1.9223e+05 1.2793e+05
23.0500 1.4934e+05 1.2064e+05 1.8924e+05 1.2101e+05 1.8900e+05 1.4585e+05 1.5265e+05 1.4643e+05 1.5224e+05 1.6498e+05 1.3810e+05 1.6704e+05 1.2101e+05 1.8900e+05 1.2594e+05
23.1500 1.4692e+05 1.1875e+05 1.8607e+05 1.1910e+05 1.8583e+05 1.4352e+05 1.5014e+05 1.4406e+05 1.4978e+05 1.6232e+05 1.3586e+05 1.6426e+05 1.1910e+05 1.8583e+05 1.2399e+05
23.2500 1.4455e+05 1.1688e+05 1.8295e+05 1.1723e+05 1.8272e+05 1.4123e+05 1.4769e+05 1.4174e+05 1.4736e+05 1.5971e+05 1.3366e+05 1.6154e+05 1.1723e+05 1.8272e+05 1.2207e+05
23.3500 1.4222e+05 1.1505e+05 1.7990e+05 1.1539e+05 1.7967e+05 1.3898e+05 1.4528e+05 1.3945e+05 1.4499e+05 1.5714e+05 1.3150e+05 1.5888e+05 1.1539e+05 1.7967e+05 1.2019e+05
23.4500 1.3994e+05 1.1326e+05 1.7691e+05 1.1358e+05 1.7669e+05 1.3678e+05 1.4292e+05 1.3722e+05 1.4266e+05 1.5463e+05 1.2939e+05 1.5626e+05 1.1358e+05 1.7669e+05 1.1834e+05
23.5500 1.3770e+05 1.1149e+05 1.7397e+05 1.1181e+05 1.7376e+05 1.3462e+05 1.4060e+05 1.3502e+05 1.4038e+05 1.5216e+05 1.2731e+05 1.5370e+05 1.1181e+05 1.7376e+05 1.1653e+05
23.6500 1.3550e+05 1.0976e+05 1.7110e+05 1.1008e+05 1.7088e+05 1.3250e+05 1.3832e+05 1.3286e+05 1.3813e+05 1.4974e+05 1.2528e+05 1.5118e+05 1.1008e+05 1.7088e+05 1.1475e+05
23.7500 1.3334e+05 1.0806e+05 1.6827e+05 1.0837e+05 1.6807e+05 1.3041e+05 1.3609e+05 1.3075e+05 1.3593e+05 1.4736e+05 1.2328e+05 1.4872e+05 1.0837e+05 1.6807e+05 1.1300e+05
23.8500 1.3122e+05 1.0639e+05 1.6550e+05 1.0669e+05 1.6530e+05 1.2837e+05 1.3391e+05 1.2867e+05 1.3378e+05 1.4503e+05 1.2132e+05 1.4630e+05 1.0669e+05 1.6530e+05 1.1128e+05
23.9500 1.2915e+05 1.0476e+05 1.6279e+05 1.0505e+05 1.6260e+05 1.2636e+05 1.3176e+05 1.2664e+05 1.3166e+05 1.4274e+05 1.1939e+05 1.4392e+05 1.0505e+05 1.6260e+05 1.0959e+05
24.0500 1.2711e+05 1.0315e+05 1.6013e+05 1.0343e+05 1.5994e+05 1.2439e+05 1.2965e+05 1.2464e+05 1.2958e+05 1.4049e+05 1.1750e+05 1.4160e+05 1.0343e+05 1.5994e+05 1.0793e+05
24.1500 1.2511e+05 1.0157e+05 1.5752e+05 1.0184e+05 1.5733e+05 1.2246e+05 1.2758e+05 1.2268e+05 1.2754e+05 1.3828e+05 1.1565e+05 1.3931e+05 1.0184e+05 1.5733e+05 1.0630e+05
24.2500 1.2314e+05 1.0002e+05 1.5495e+05 1.0029e+05 1.5477e+05 1.2056e+05 1.2556e+05 1.2075e+05 1.2554e+05 1.3611e+05 1.1383e+05 1.3707e+05 1.0029e+05 1.5477e+05 1.0470e+05
24.3500 1.2121e+05 9.8492e+04 1.5244e+05 9.8755e+04 1.5226e+05 1.1869e+05 1.2356e+05 1.1886e+05 1.2357e+05 1.3399e+05 1.1204e+05 1.3487e+05 9.8755e+04 1.5226e+05 1.0313e+05
24.4500 1.1932e+05 9.6995e+04 1.4998e+05 9.7252e+04 1.4980e+05 1.1686e+05 1.2161e+05 1.1700e+05 1.2164e+05 1.3190e+05 1.1029e+05 1.3272e+05 9.7252e+04 1.4980e+05 1.0158e+05
24.5500 1.1746e+05 9.5525e+04 1.4756e+05 9.5776e+04 1.4739e+05 1.1506e+05 1.1969e+05 1.1518e+05 1.1974e+05 1.2985e+05 1.0857e+05 1.3060e+05 9.5776e+04 1.4739e+05 1.0006e+05
24.6500 1.1564e+05 9.4081e+04 1.4518e+05 9.4327e+04 1.4502e+05 1.1330e+05 1.1781e+05 1.1339e+05 1.1788e+05 1.2783e+05 1.0688e+05 1.2852e+05 9.4327e+04 1.4502e+05 9.8573e+04
24.7500 1.1385e+05 9.2663e+04 1.4285e+05 9.2903e+04 1.4269e+05 1.1156e+05 1.1596e+05 1.1164e+05 1.1606e+05 1.2586e+05 1.0523e+05 1.2648e+05 9.2903e+04 1.4269e+05 9.7107e+04
24.8500 1.1209e+05 9.1270e+04 1.4057e+05 9.1504e+04 1.4041e+05 1.0986e+05 1.1415e+05 1.0991e+05 1.1426e+05 1.2392e+05 1.0360e+05 1.2448e+05 9.1504e+04 1.4041e+05 9.5667e+04
24.9500 1.1036e+05 8.9901e+04 1.3833e+05 9.0130e+04 1.3817e+05 1.0819e+05 1.1237e+05 1.0822e+05 1.1250e+05 1.2201e+05 1.0200e+05 1.2252e+05 9.0130e+04 1.3817e+05 9.4251e+04
25.0500 1.0866e+05 8.8556e+04 1.3613e+05 8.8780e+04 1.3598e+05 1.0655e+05 1.1062e+05 1.0655e+05 1.1078e+05 1.2014e+05 1.0043e+05 1.2059e+05 8.8780e+04 1.3598e+05 9.2860e+04
25.1500 1.0700e+05 8.7235e+04 1.3397e+05 8.7454e+04 1.3382e+05 1.0494e+05 1.0890e+05 1.0492e+05 1.0908e+05 1.1830e+05 9.8889e+04 1.1870e+05 8.7454e+04 1.3382e+05 9.1494e+04
25.2500 1.0536e+05 8.5937e+04 1.3185e+05 8.6151e+04 1.3170e+05 1.0335e+05 1.0722e+05 1.0332e+05 1.0741e+05 1.1649e+05 9.7376e+04 1.1684e+05 8.6151e+04 1.3170e+05 9.0150e+04
25.3500 1.0376e+05 8.4662e+04 1.2977e+05 8.4870e+04 1.2963e+05 1.0179e+05 1.0557e+05 1.0174e+05 1.0577e+05 1.1472e+05 9.5890e+04 1.1502e+05 8.4870e+04 1.2963e+05 8.8830e+04
25.4500 1.0218e+05 8.3409e+04 1.2773e+05 8.3613e+04 1.2759e+05 1.0026e+05 1.0394e+05 1.0020e+05 1.0417e+05 1.1297e+05 9.4431e+04 1.1323e+05 8.3613e+04 1.2759e+05 8.7532e+04
25.5500 1.0063e+05 8.2178e+04 1.2572e+05 8.2377e+04 1.2559e+05 9.8762e+04 1.0235e+05 9.8678e+04 1.0259e+05 1.1126e+05 9.2998e+04 1.1148e+05 8.2377e+04 1.2559e+05 8.6257e+04
25.6500 9.9111e+04 8.0967e+04 1.2376e+05 8.1162e+04 1.2362e+05 9.7287e+04 1.0078e+05 9.7186e+04 1.0104e+05 1.0958e+05 9.1590e+04 1.0975e+05 8.1162e+04 1.2362e+05 8.5003e+04
25.7500 9.7616e+04 7.9778e+04 1.2183e+05 7.9969e+04 1.2170e+05 9.5837e+04 9.9242e+04 9.5720e+04 9.9513e+04 1.0793e+05 9.0208e+04 1.0806e+05 7.9969e+04 1.2170e+05 8.3770e+04
25.8500 9.6148e+04 7.8610e+04 1.1993e+05 7.8796e+04 1.1980e+05 9.4412e+04 9.7732e+04 9.4280e+04 9.8016e+04 1.0631e+05 8.8850e+04 1.0640e+05 7.8796e+04 1.1980e+05 8.2558e+04
25.9500 9.4706e+04 7.7461e+04 1.1807e+05 7.7644e+04 1.1794e+05 9.3012e+04 9.6248e+04 9.2866e+04 9.6546e+04 1.0471e+05 8.7516e+04 1.0476e+05 7.7644e+04 1.1794e+05 8.1367e+04
26.0500 9.3289e+04 7.6332e+04 1.1624e+05 7.6511e+04 1.1612e+05 9.1637e+04 9.4791e+04 9.1477e+04 9.5102e+04 1.0315e+05 8.6206e+04 1.0316e+05 7.6511e+04 1.1612e+05 8.0196e+04
26.1500 9.1897e+04 7.5223e+04 1.1445e+05 7.5397e+04 1.1433e+05 9.0286e+04 9.3360e+04 9.0112e+04 9.3683e+04 1.0161e+05 8.4919e+04 1.0159e+05 7.5397e+04 1.1433e+05 7.9045e+04
26.2500 9.0530e+04 7.4132e+04 1.1268e+05 7.4303e+04 1.1257e+05 8.8958e+04 9.1954e+04 8.8771e+04 9.2289e+04 1.0010e+05 8.3654e+04 1.0004e+05 7.4303e+04 1.1257e+05 7.7913e+04
26.3500 8.9186e+04 7.3061e+04 1.1095e+05 7.3227e+04 1.1084e+05 8.7653e+04 9.0574e+04 8.7453e+04 9.0919e+04 9.8611e+04 8.2412e+04 9.8522e+04 7.3227e+04 1.1084e+05 7.6800e+04
26.4500 8.7866e+04 7.2007e+04 1.0926e+05 7.2170e+04 1.0914e+05 8.6370e+04 8.9217e+04 8.6158e+04 8.9573e+04 9.7151e+04 8.1191e+04 9.7031e+04 7.2170e+04 1.0914e+05 7.5705e+04
26.5500 8.6569e+04 7.0971e+04 1.0759e+05 7.1131e+04 1.0748e+05 8.5110e+04 8.7885e+04 8.4886e+04 8.8251e+04 9.5716e+04 7.9991e+04 9.5567e+04 7.1131e+04 1.0748e+05 7.4629e+04
26.6500 8.5294e+04 6.9953e+04 1.0595e+05 7.0109e+04 1.0584e+05 8.3871e+04 8.6575e+04 8.3636e+04 8.6952e+04 9.4306e+04 7.8813e+04 9.4128e+04 7.0109e+04 1.0584e+05 7.3571e+04
26.7500 8.4041e+04 6.8951e+04 1.0434e+05 6.9104e+04 1.0424e+05 8.2653e+04 8.5289e+04 8.2408e+04 8.5675e+04 9.2921e+04 7.7655e+04 9.2715e+04 6.9104e+04 1.0424e+05 7.2530e+04
26.8500 8.2810e+04 6.7967e+04 1.0276e+05 6.8117e+04 1.0266e+05 8.1456e+04 8.4025e+04 8.1201e+04 8.4420e+04 9.1559e+04 7.6517e+04 9.1327e+04 6.8117e+04 1.0266e+05 7.1507e+04
26.9500 8.1600e+04 6.6999e+04 1.0121e+05 6.7146e+04 1.0111e+05 8.0279e+04 8.2784e+04 8.0014e+04 8.3187e+04 9.0221e+04 7.5398e+04 8.9964e+04 6.7146e+04 1.0111e+05 7.0500e+04
27.0500 8.0411e+04 6.6047e+04 9.9682e+04 6.6191e+04 9.9584e+04 7.9123e+04 8.1563e+04 7.8848e+04 8.1975e+04 8.8905e+04 7.4299e+04 8.8624e+04 6.6191e+04 9.9584e+04 6.9510e+04
27.1500 7.9243e+04 6.5112e+04 9.8185e+04 6.5252e+04 9.8088e+04 7.7986e+04 8.0364e+04 7.7702e+04 8.0783e+04 8.7612e+04 7.3219e+04 8.7308e+04 6.5252e+04 9.8088e+04 6.8536e+04
27.2500 7.8094e+04 6.4191e+04 9.6713e+04 6.4329e+04 9.6619e+04 7.6868e+04 7.9186e+04 7.6575e+04 7.9612e+04 8.6341e+04 7.2157e+04 8.6014e+04 6.4329e+04 9.6619e+04 6.7578e+04
27.3500 7.6964e+04 6.3286e+04 9.5268e+04 6.3421e+04 9.5175e+04 7.5768e+04 7.8028e+04 7.5468e+04 7.8461e+04 8.5091e+04 7.1113e+04 8.4743e+04 6.3421e+04 9.5175e+04 6.6636e+04
27.4500 7.5854e+04 6.2396e+04 9.3847e+04 6.2528e+04 9.3757e+04 7.4688e+04 7.6890e+04 7.4379e+04 7.7330e+04 8.3863e+04 7.0087e+04 8.3495e+04 6.2528e+04 9.3757e+04 6.5710e+04
27.5500 7.4763e+04 6.1521e+04 9.2452e+04 6.1650e+04 9.2363e+04 7.3625e+04 7.5771e+04 7.3308e+04 7.6217e+04 8.2655e+04 6.9078e+04 8.2268e+04 6.1650e+04 9.2363e+04 6.4798e+04
27.6500 7.3690e+04 6.0660e+04 9.1081e+04 6.0787e+04 9.0994e+04 7.2580e+04 7.4671e+04 7.2256e+04 7.5123e+04 8.1468e+04 6.8087e+04 8.1062e+04 6.0787e+04 9.0994e+04 6.3901e+04
27.7500 7.2635e+04 5.9813e+04 8.9734e+04 5.9937e+04 8.9649e+04 7.1552e+04 7.3590e+04 7.1222e+04 7.4048e+04 8.0300e+04 6.7112e+04 7.9876e+04 5.9937e+04 8.9649e+04 6.3018e+04
27.8500 7.1598e+04 5.8980e+04 8.8410e+04 5.9102e+04 8.8327e+04 7.0541e+04 7.2528e+04 7.0204e+04 7.2991e+04 7.9152e+04 6.6153e+04 7.8712e+04 5.9102e+04 8.8327e+04 6.2150e+04
27.9500 7.0578e+04 5.8161e+04 8.7109e+04 5.8280e+04 8.7027e+04 6.9548e+04 7.1483e+04 6.9204e+04 7.1951e+04 7.8023e+04 6.5211e+04 7.7567e+04 5.8280e+04 8.7027e+04 6.1296e+04
28.0500 6.9575e+04 5.7354e+04 8.5831e+04 5.7471e+04 8.5750e+04 6.8570e+04 7.0456e+04 6.8221e+04 7.0929e+04 7.6913e+04 6.4284e+04 7.6441e+04 5.7471e+04 8.5750e+04 6.0455e+04
28.1500 6.8589e+04 5.6561e+04 8.4575e+04 5.6676e+04 8.4496e+04 6.7609e+04 6.9447e+04 6.7254e+04 6.9924e+04 7.5822e+04 6.3373e+04 7.5335e+04 5.6676e+04 8.4496e+04 5.9628e+04
28.2500 6.7619e+04 5.5781e+04 8.3340e+04 5.5894e+04 8.3262e+04 6.6663e+04 6.8454e+04 6.6303e+04 6.8936e+04 7.4748e+04 6.2477e+04 7.4248e+04 5.5894e+04 8.3262e+04 5.8815e+04
28.3500 6.6665e+04 5.5014e+04 8.2126e+04 5.5124e+04 8.2050e+04 6.5733e+04 6.7478e+04 6.5367e+04 6.7963e+04 7.3693e+04 6.1596e+04 7.3179e+04 5.5124e+04 8.2050e+04 5.8014e+04
28.4500 6.5728e+04 5.4259e+04 8.0933e+04 5.4367e+04 8.0859e+04 6.4818e+04 6.6518e+04 6.4448e+04 6.7008e+04 7.2655e+04 6.0729e+04 7.2128e+04 5.4367e+04 8.0859e+04 5.7226e+04
28.5500 6.4805e+04 5.3516e+04 7.9761e+04 5.3622e+04 7.9688e+04 6.3918e+04 6.5575e+04 6.3543e+04 6.6067e+04 7.1633e+04 5.9877e+04 7.1095e+04 5.3622e+04 7.9688e+04 5.6450e+04
28.6500 6.3898e+04 5.2785e+04 7.8608e+04 5.2888e+04 7.8536e+04 6.3033e+04 6.4647e+04 6.2653e+04 6.5143e+04 7.0629e+04 5.9039e+04 7.0079e+04 5.2888e+04 7.8536e+04 5.5687e+04
28.7500 6.3006e+04 5.2065e+04 7.7475e+04 5.2167e+04 7.7404e+04 6.2162e+04 6.3734e+04 6.1778e+04 6.4233e+04 6.9641e+04 5.8214e+04 6.9080e+04 5.2167e+04 7.7404e+04 5.4936e+04
28.8500 6.2128e+04 5.1357e+04 7.6361e+04 5.1457e+04 7.6292e+04 6.1305e+04 6.2837e+04 6.0917e+04 6.3338e+04 6.8669e+04 5.7404e+04 6.8098e+04 5.1457e+04 7.6292e+04 5.4196e+04
28.9500 6.1264e+04 5.0661e+04 7.5266e+04 5.0759e+04 7.5198e+04 6.0462e+04 6.1954e+04 6.0070e+04 6.2458e+04 6.7713e+04 5.6606e+04 6.7133e+04 5.0759e+04 7.5198e+04 5.3469e+04
29.0500 6.0415e+04 4.9975e+04 7.4189e+04 5.0072e+04 7.4122e+04 5.9632e+04 6.1086e+04 5.9238e+04 6.1593e+04 6.6773e+04 5.5821e+04 6.6183e+04 5.0072e+04 7.4122e+04 5.2752e+04
29.1500 5.9580e+04 4.9301e+04 7.3130e+04 4.9395e+04 7.3065e+04 5.8816e+04 6.0233e+04 5.8418e+04 6.0741e+04 6.5848e+04 5.5050e+04 6.5250e+04 4.9395e+04 7.3065e+04 5.2047e+04
29.2500 5.8758e+04 4.8637e+04 7.2090e+04 4.8729e+04 7.2025e+04 5.8013e+04 5.9393e+04 5.7612e+04 5.9903e+04 6.4938e+04 5.4290e+04 6.4331e+04 4.8729e+04 7.2025e+04 5.1353e+04
29.3500 5.7949e+04 4.7983e+04 7.1066e+04 4.8074e+04 7.1003e+04 5.7223e+04 5.8567e+04 5.6819e+04 5.9079e+04 6.4042e+04 5.3543e+04 6.3428e+04 4.8074e+04 7.1003e+04 5.0670e+04
29.4500 5.7153e+04 4.7340e+04 7.0059e+04 4.7429e+04 6.9997e+04 5.6445e+04 5.7755e+04 5.6039e+04 5.8268e+04 6.3161e+04 5.2808e+04 6.2540e+04 4.7429e+04 6.9997e+04 4.9998e+04
29.5500 5.6370e+04 4.6707e+04 6.9070e+04 4.6795e+04 6.9008e+04 5.5680e+04 5.6955e+04 5.5271e+04 5.7470e+04 6.2294e+04 5.2086e+04 6.1667e+04 4.6795e+04 6.9008e+04 4.9335e+04
29.6500 5.5600e+04 4.6084e+04 6.8096e+04 4.6170e+04 6.8036e+04 5.4927e+04 5.6169e+04 5.4516e+04 5.6685e+04 6.1442e+04 5.1374e+04 6.0807e+04 4.6170e+04 6.8036e+04 4.8684e+04
29.7500 5.4842e+04 4.5471e+04 6.7139e+04 4.5555e+04 6.7080e+04 5.4186e+04 5.5396e+04 5.3772e+04 5.5913e+04 6.0602e+04 5.0674e+04 5.9962e+04 4.5555e+04 6.7080e+04 4.8042e+04
29.8500 5.4097e+04 4.4867e+04 6.6197e+04 4.4950e+04 6.6139e+04 5.3457e+04 5.4634e+04 5.3041e+04 5.5153e+04 5.9776e+04 4.9985e+04 5.9131e+04 4.4950e+04 6.6139e+04 4.7410e+04
29.9500 5.3363e+04 4.4272e+04 6.5271e+04 4.4354e+04 6.5214e+04 5.2739e+04 5.3886e+04 5.2321e+04 5.4405e+04 5.8964e+04 4.9308e+04 5.8313e+04 4.4354e+04 6.5214e+04 4.6788e+04
30.0500 5.2641e+04 4.3687e+04 6.4360e+04 4.3767e+04 6.4304e+04 5.2032e+04 5.3149e+04 5.1613e+04 5.3668e+04 5.8164e+04 4.8640e+04 5.7508e+04 4.3767e+04 6.4304e+04 4.6175e+04
30.1500 5.1930e+04 4.3111e+04 6.3464e+04 4.3190e+04 6.3409e+04 5.1337e+04 5.2424e+04 5.0916e+04 5.2944e+04 5.7377e+04 4.7984e+04 5.6717e+04 4.3190e+04 6.3409e+04 4.5572e+04
30.2500 5.1230e+04 4.2544e+04 6.2583e+04 4.2621e+04 6.2528e+04 5.0652e+04 5.1711e+04 5.0230e+04 5.2231e+04 5.6602e+04 4.7338e+04 5.5938e+04 4.2621e+04 6.2528e+04 4.4978e+04
30.3500 5.0542e+04 4.1985e+04 6.1716e+04 4.2061e+04 6.1662e+04 4.9978e+04 5.1009e+04 4.9554e+04 5.1529e+04 5.5840e+04 4.6702e+04 5.5172e+04 4.2061e+04 6.1662e+04 4.4393e+04
30.4500 4.9864e+04 4.1436e+04 6.0863e+04 4.1510e+04 6.0810e+04 4.9315e+04 5.0318e+04 4.8890e+04 5.0839e+04 5.5089e+04 4.6077e+04 5.4418e+04 4.1510e+04 6.0810e+04 4.3817e+04
30.5500 4.9198e+04 4.0894e+04 6.0024e+04 4.0968e+04 5.9972e+04 4.8662e+04 4.9638e+04 4.8236e+04 5.0159e+04 5.4351e+04 4.5461e+04 5.3676e+04 4.0968e+04 5.9972e+04 4.3250e+04
30.6500 4.8541e+04 4.0361e+04 5.9198e+04 4.0433e+04 5.9147e+04 4.8019e+04 4.8970e+04 4.7592e+04 4.9490e+04 5.3624e+04 4.4854e+04 5.2947e+04 4.0433e+04 5.9147e+04 4.2691e+04
30.7500 4.7895e+04 3.9836e+04 5.8386e+04 3.9907e+04 5.8336e+04 4.7386e+04 4.8311e+04 4.6958e+04 4.8831e+04 5.2908e+04 4.4258e+04 5.2228e+04 3.9907e+04 5.8336e+04 4.2141e+04
30.8500 4.7259e+04 3.9319e+04 5.7587e+04 3.9389e+04 5.7537e+04 4.6763e+04 4.7663e+04 4.6334e+04 4.8183e+04 5.2204e+04 4.3670e+04 5.1522e+04 3.9389e+04 5.7537e+04 4.1599e+04
30.9500 4.6633e+04 3.8810e+04 5.6800e+04 3.8879e+04 5.6752e+04 4.6149e+04 4.7026e+04 4.5720e+04 4.7545e+04 5.1510e+04 4.3092e+04 5.0826e+04 3.8879e+04 5.6752e+04 4.1065e+04
31.0500 4.6016e+04 3.8309e+04 5.6026e+04 3.8376e+04 5.5979e+04 4.5545e+04 4.6398e+04 4.5116e+04 4.6917e+04 5.0827e+04 4.2523e+04 5.0142e+04 3.8376e+04 5.5979e+04 4.0539e+04
31.1500 4.5409e+04 3.7815e+04 5.5265e+04 3.7881e+04 5.5218e+04 4.4950e+04 4.5780e+04 4.4521e+04 4.6298e+04 5.0155e+04 4.1963e+04 4.9468e+04 3.7881e+04 5.5218e+04 4.0021e+04
31.2500 4.4812e+04 3.7329e+04 5.4516e+04 3.7394e+04 5.4469e+04 4.4365e+04 4.5172e+04 4.3935e+04 4.5689e+04 4.9494e+04 4.1411e+04 4.8805e+04 3.7394e+04 5.4469e+04 3.9511e+04
31.3500 4.4224e+04 3.6850e+04 5.3778e+04 3.6914e+04 5.3733e+04 4.3788e+04 4.4573e+04 4.3358e+04 4.5090e+04 4.8842e+04 4.0868e+04 4.8152e+04 3.6914e+04 5.3733e+04 3.9009e+04
31.4500 4.3644e+04 3.6378e+04 5.3053e+04 3.6441e+04 5.3008e+04 4.3220e+04 4.3984e+04 4.2790e+04 4.4499e+04 4.8201e+04 4.0333e+04 4.7510e+04 3.6441e+04 5.3008e+04 3.8514e+04
31.5500 4.3074e+04 3.5914e+04 5.2338e+04 3.5976e+04 5.2294e+04 4.2661e+04 4.3403e+04 4.2230e+04 4.3918e+04 4.7569e+04 3.9806e+04 4.6878e+04 3.5976e+04 5.2294e+04 3.8026e+04
31.6500 4.2513e+04 3.5456e+04 5.1635e+04 3.5517e+04 5.1592e+04 4.2110e+04 4.2832e+04 4.1680e+04 4.3346e+04 4.6947e+04 3.9288e+04 4.6255e+04 3.5517e+04 5.1592e+04 3.7546e+04
31.7500 4.1960e+04 3.5005e+04 5.0943e+04 3.5065e+04 5.0900e+04 4.1567e+04 4.2270e+04 4.1137e+04 4.2782e+04 4.6335e+04 3.8777e+04 4.5643e+04 3.5065e+04 5.0900e+04 3.7072e+04
31.8500 4.1415e+04 3.4561e+04 5.0262e+04 3.4620e+04 5.0220e+04 4.1033e+04 4.1716e+04 4.0603e+04 4.2227e+04 4.5732e+04 3.8274e+04 4.5040e+04 3.4620e+04 5.0220e+04 3.6606e+04
31.9500 4.0879e+04 3.4124e+04 4.9592e+04 3.4182e+04 4.9550e+04 4.0507e+04 4.1171e+04 4.0078e+04 4.1681e+04 4.5138e+04 3.7779e+04 4.4446e+04 3.4182e+04 4.9550e+04 3.6147e+04
32.0500 4.0351e+04 3.3693e+04 4.8932e+04 3.3750e+04 4.8891e+04 3.9988e+04 4.0634e+04 3.9560e+04 4.1142e+04 4.4553e+04 3.7292e+04 4.3861e+04 3.3750e+04 4.8891e+04 3.5694e+04
32.1500 3.9831e+04 3.3268e+04 4.8282e+04 3.3324e+04 4.8242e+04 3.9478e+04 4.0105e+04 3.9050e+04 4.0612e+04 4.3977e+04 3.6812e+04 4.3286e+04 3.3324e+04 4.8242e+04 3.5248e+04
32.2500 3.9319e+04 3.2850e+04 4.7643e+04 3.2905e+04 4.7603e+04 3.8975e+04 3.9585e+04 3.8547e+04 4.0090e+04 4.3410e+04 3.6339e+04 4.2719e+04 3.2905e+04 4.7603e+04 3.4809e+04
32.3500 3.8814e+04 3.2438e+04 4.7013e+04 3.2492e+04 4.6974e+04 3.8480e+04 3.9072e+04 3.8053e+04 3.9576e+04 4.2851e+04 3.5873e+04 4.2161e+04 3.2492e+04 4.6974e+04 3.4376e+04
32.4500 3.8318e+04 3.2032e+04 4.6393e+04 3.2085e+04 4.6354e+04 3.7992e+04 3.8567e+04 3.7565e+04 3.9070e+04 4.2301e+04 3.5414e+04 4.1612e+04 3.2085e+04 4.6354e+04 3.3949e+04
32.5500 3.7828e+04 3.1632e+04 4.5783e+04 3.1684e+04 4.5745e+04 3.7511e+04 3.8070e+04 3.7086e+04 3.8571e+04 4.1759e+04 3.4963e+04 4.1071e+04 3.1684e+04 4.5745e+04 3.3528e+04
32.6500 3.7346e+04 3.1237e+04 4.5182e+04 3.1290e+04 4.5144e+04 3.7038e+04 3.7581e+04 3.6613e+04 3.8080e+04 4.1226e+04 3.4518e+04 4.0538e+04 3.1290e+04 4.5144e+04 3.3114e+04
32.7500 3.6872e+04 3.0849e+04 4.4591e+04 3.0900e+04 4.4553e+04 3.6571e+04 3.7098e+04 3.6147e+04 3.7596e+04 4.0700e+04 3.4079e+04 4.0014e+04 3.0900e+04 4.4553e+04 3.2706e+04
32.8500 3.6404e+04 3.0466e+04 4.4008e+04 3.0517e+04 4.3971e+04 3.6111e+04 3.6624e+04 3.5688e+04 3.7119e+04 4.0182e+04 3.3647e+04 3.9497e+04 3.0517e+04 4.3971e+04 3.2303e+04
32.9500 3.5943e+04 3.0089e+04 4.3435e+04 3.0139e+04 4.3398e+04 3.5659e+04 3.6156e+04 3.5237e+04 3.6650e+04 3.9672e+04 3.3222e+04 3.8989e+04 3.0139e+04 4.3398e+04 3.1906e+04
33.0500 3.5489e+04 2.9717e+04 4.2870e+04 2.9766e+04 4.2834e+04 3.5212e+04 3.5695e+04 3.4792e+04 3.6187e+04 3.9169e+04 3.2803e+04 3.8488e+04 2.9766e+04 4.2834e+04 3.1516e+04
33.1500 3.5042e+04 2.9351e+04 4.2313e+04 2.9400e+04 4.2278e+04 3.4773e+04 3.5241e+04 3.4353e+04 3.5732e+04 3.8674e+04 3.2390e+04 3.7994e+04 2.9400e+04 4.2278e+04 3.1130e+04
33.2500 3.4602e+04 2.8990e+04 4.1766e+04 2.9038e+04 4.1731e+04 3.4340e+04 3.4794e+04 3.3921e+04 3.5282e+04 3.8186e+04 3.1983e+04 3.7508e+04 2.9038e+04 4.1731e+04 3.0750e+04
33.3500 3.4168e+04 2.8634e+04 4.1226e+04 2.8681e+04 4.1192e+04 3.3913e+04 3.4354e+04 3.3495e+04 3.4840e+04 3.7706e+04 3.1583e+04 3.7030e+04 2.8681e+04 4.1192e+04 3.0376e+04
33.4500 3.3740e+04 2.8284e+04 4.0695e+04 2.8330e+04 4.0661e+04 3.3492e+04 3.3920e+04 3.3076e+04 3.4404e+04 3.7232e+04 3.1188e+04 3.6558e+04 2.8330e+04 4.0661e+04 3.0007e+04
33.5500 3.3319e+04 2.7938e+04 4.0172e+04 2.7984e+04 4.0139e+04 3.3078e+04 3.3493e+04 3.2663e+04 3.3975e+04 3.6766e+04 3.0799e+04 3.6094e+04 2.7984e+04 4.0139e+04 2.9644e+04
33.6500 3.2904e+04 2.7598e+04 3.9657e+04 2.7642e+04 3.9624e+04 3.2669e+04 3.3072e+04 3.2256e+04 3.3552e+04 3.6306e+04 3.0416e+04 3.5636e+04 2.7642e+04 3.9624e+04 2.9285e+04
33.7500 3.2495e+04 2.7262e+04 3.9150e+04 2.7306e+04 3.9117e+04 3.2267e+04 3.2657e+04 3.1854e+04 3.3135e+04 3.5854e+04 3.0038e+04 3.5186e+04 2.7306e+04 3.9117e+04 2.8931e+04
33.8500 3.2092e+04 2.6931e+04 3.8650e+04 2.6974e+04 3.8618e+04 3.1870e+04 3.2248e+04 3.1459e+04 3.2724e+04 3.5407e+04 2.9666e+04 3.4742e+04 2.6974e+04 3.8618e+04 2.8583e+04
33.9500 3.1694e+04 2.6605e+04 3.8158e+04 2.6648e+04 3.8126e+04 3.1479e+04 3.1846e+04 3.1070e+04 3.2319e+04 3.4968e+04 2.9299e+04 3.4305e+04 2.6648e+04 3.8126e+04 2.8239e+04
34.0500 3.1303e+04 2.6283e+04 3.7673e+04 2.6325e+04 3.7642e+04 3.1094e+04 3.1449e+04 3.0686e+04 3.1920e+04 3.4534e+04 2.8938e+04 3.3874e+04 2.6325e+04 3.7642e+04 2.7901e+04
34.1500 3.0917e+04 2.5966e+04 3.7196e+04 2.6008e+04 3.7164e+04 3.0714e+04 3.1058e+04 3.0308e+04 3.1527e+04 3.4108e+04 2.8581e+04 3.3449e+04 2.6008e+04 3.7164e+04 2.7567e+04
34.2500 3.0537e+04 2.5653e+04 3.6725e+04 2.5695e+04 3.6694e+04 3.0340e+04 3.0672e+04 2.9935e+04 3.1140e+04 3.3687e+04 2.8230e+04 3.3031e+04 2.5695e+04 3.6694e+04 2.7238e+04
34.3500 3.0162e+04 2.5345e+04 3.6262e+04 2.5386e+04 3.6231e+04 2.9971e+04 3.0293e+04 2.9567e+04 3.0758e+04 3.3272e+04 2.7884e+04 3.2619e+04 2.5386e+04 3.6231e+04 2.6913e+04
34.4500 2.9793e+04 2.5041e+04 3.5805e+04 2.5082e+04 3.5775e+04 2.9607e+04 2.9919e+04 2.9205e+04 3.0381e+04 3.2863e+04 2.7543e+04 3.2213e+04 2.5082e+04 3.5775e+04 2.6593e+04
34.5500 2.9429e+04 2.4742e+04 3.5355e+04 2.4782e+04 3.5326e+04 2.9248e+04 2.9550e+04 2.8848e+04 3.0010e+04 3.2460e+04 2.7207e+04 3.1813e+04 2.4782e+04 3.5326e+04 2.6277e+04
34.6500 2.9071e+04 2.4447e+04 3.4912e+04 2.4486e+04 3.4883e+04 2.8895e+04 2.9187e+04 2.8496e+04 2.9645e+04 3.2064e+04 2.6876e+04 3.1419e+04 2.4486e+04 3.4883e+04 2.5966e+04
34.7500 2.8717e+04 2.4155e+04 3.4476e+04 2.4194e+04 3.4447e+04 2.8547e+04 2.8829e+04 2.8150e+04 2.9284e+04 3.1672e+04 2.6550e+04 3.1030e+04 2.4194e+04 3.4447e+04 2.5659e+04
34.8500 2.8368e+04 2.3868e+04 3.4046e+04 2.3906e+04 3.4017e+04 2.8203e+04 2.8476e+04 2.7808e+04 2.8929e+04 3.1286e+04 2.6228e+04 3.0648e+04 2.3906e+04 3.4017e+04 2.5356e+04
34.9500 2.8025e+04 2.3585e+04 3.3622e+04 2.3623e+04 3.3593e+04 2.7864e+04 2.8128e+04 2.7471e+04 2.8579e+04 3.0906e+04 2.5910e+04 3.0270e+04 2.3623e+04 3.3593e+04 2.5058e+04
35.0500 2.7686e+04 2.3306e+04 3.3204e+04 2.3343e+04 3.3176e+04 2.7531e+04 2.7785e+04 2.7139e+04 2.8234e+04 3.0532e+04 2.5598e+04 2.9899e+04 2.3343e+04 3.3176e+04 2.4764e+04
35.1500 2.7352e+04 2.3031e+04 3.2793e+04 2.3068e+04 3.2765e+04 2.7202e+04 2.7447e+04 2.6812e+04 2.7894e+04 3.0162e+04 2.5290e+04 2.9532e+04 2.3068e+04 3.2765e+04 2.4473e+04
35.2500 2.7023e+04 2.2759e+04 3.2387e+04 2.2796e+04 3.2360e+04 2.6877e+04 2.7114e+04 2.6489e+04 2.7558e+04 2.9798e+04 2.4986e+04 2.9171e+04 2.2796e+04 3.2360e+04 2.4187e+04
35.3500 2.6699e+04 2.2492e+04 3.1988e+04 2.2527e+04 3.1960e+04 2.6557e+04 2.6786e+04 2.6170e+04 2.7227e+04 2.9439e+04 2.4686e+04 2.8815e+04 2.2527e+04 3.1960e+04 2.3905e+04
35.4500 2.6379e+04 2.2228e+04 3.1594e+04 2.2263e+04 3.1567e+04 2.6241e+04 2.6462e+04 2.5857e+04 2.6901e+04 2.9085e+04 2.4390e+04 2.8464e+04 2.2263e+04 3.1567e+04 2.3626e+04
35.5500 2.6064e+04 2.1967e+04 3.1206e+04 2.2002e+04 3.1179e+04 2.5930e+04 2.6143e+04 2.5548e+04 2.6580e+04 2.8736e+04 2.4099e+04 2.8118e+04 2.2002e+04 3.1179e+04 2.3352e+04
35.6500 2.5753e+04 2.1711e+04 3.0823e+04 2.1745e+04 3.0797e+04 2.5624e+04 2.5829e+04 2.5242e+04 2.6263e+04 2.8392e+04 2.3812e+04 2.7778e+04 2.1745e+04 3.0797e+04 2.3080e+04
35.7500 2.5446e+04 2.1457e+04 3.0446e+04 2.1491e+04 3.0420e+04 2.5321e+04 2.5519e+04 2.4942e+04 2.5950e+04 2.8052e+04 2.3529e+04 2.7442e+04 2.1491e+04 3.0420e+04 2.2813e+04
35.8500 2.5144e+04 2.1208e+04 3.0075e+04 2.1241e+04 3.0049e+04 2.5023e+04 2.5213e+04 2.4645e+04 2.5642e+04 2.7718e+04 2.3250e+04 2.7110e+04 2.1241e+04 3.0049e+04 2.2550e+04
35.9500 2.4846e+04 2.0961e+04 2.9708e+04 2.0994e+04 2.9683e+04 2.4728e+04 2.4912e+04 2.4353e+04 2.5338e+04 2.7388e+04 2.2974e+04 2.6784e+04 2.0994e+04 2.9683e+04 2.2290e+04
36.0500 2.4552e+04 2.0718e+04 2.9348e+04 2.0751e+04 2.9322e+04 2.4438e+04 2.4614e+04 2.4065e+04 2.5039e+04 2.7063e+04 2.2703e+04 2.6462e+04 2.0751e+04 2.9322e+04 2.2033e+04
36.1500 2.4262e+04 2.0478e+04 2.8992e+04 2.0511e+04 2.8967e+04 2.4152e+04 2.4322e+04 2.3781e+04 2.4743e+04 2.6742e+04 2.2435e+04 2.6145e+04 2.0511e+04 2.8967e+04 2.1780e+04
36.2500 2.3976e+04 2.0242e+04 2.8641e+04 2.0274e+04 2.8616e+04 2.3870e+04 2.4033e+04 2.3500e+04 2.4452e+04 2.6426e+04 2.2171e+04 2.5832e+04 2.0274e+04 2.8616e+04 2.1530e+04
36.3500 2.3694e+04 2.0009e+04 2.8295e+04 2.0040e+04 2.8271e+04 2.3592e+04 2.3748e+04 2.3224e+04 2.4164e+04 2.6114e+04 2.1911e+04 2.5523e+04 2.0040e+04 2.8271e+04 2.1284e+04
36.4500 2.3416e+04 1.9779e+04 2.7954e+04 1.9810e+04 2.7930e+04 2.3317e+04 2.3467e+04 2.2951e+04 2.3881e+04 2.5807e+04 2.1654e+04 2.5219e+04 1.9810e+04 2.7930e+04 2.1041e+04
36.5500 2.3142e+04 1.9552e+04 2.7619e+04 1.9582e+04 2.7595e+04 2.3046e+04 2.3190e+04 2.2682e+04 2.3602e+04 2.5504e+04 2.1401e+04 2.4919e+04 1.9582e+04 2.7595e+04 2.0801e+04
36.6500 2.2872e+04 1.9328e+04 2.7287e+04 1.9358e+04 2.7264e+04 2.2779e+04 2.2917e+04 2.2417e+04 2.3326e+04 2.5204e+04 2.1151e+04 2.4624e+04 1.9358e+04 2.7264e+04 2.0565e+04
36.7500 2.2605e+04 1.9107e+04 2.6961e+04 1.9137e+04 2.6937e+04 2.2516e+04 2.2648e+04 2.2156e+04 2.3054e+04 2.4909e+04 2.0905e+04 2.4332e+04 1.9137e+04 2.6937e+04 2.0331e+04
36.8500 2.2342e+04 1.8889e+04 2.6639e+04 1.8919e+04 2.6616e+04 2.2256e+04 2.2382e+04 2.1898e+04 2.2786e+04 2.4618e+04 2.0662e+04 2.4045e+04 1.8919e+04 2.6616e+04 2.0101e+04
36.9500 2.2082e+04 1.8674e+04 2.6321e+04 1.8703e+04 2.6298e+04 2.2000e+04 2.2120e+04 2.1644e+04 2.2522e+04 2.4332e+04 2.0422e+04 2.3761e+04 1.8703e+04 2.6298e+04 1.9874e+04
37.0500 2.1827e+04 1.8462e+04 2.6008e+04 1.8491e+04 2.5986e+04 2.1747e+04 2.1862e+04 2.1392e+04 2.2261e+04 2.4048e+04 2.0186e+04 2.3482e+04 1.8491e+04 2.5986e+04 1.9650e+04
37.1500 2.1574e+04 1.8252e+04 2.5700e+04 1.8281e+04 2.5677e+04 2.1497e+04 2.1607e+04 2.1145e+04 2.2004e+04 2.3769e+04 1.9953e+04 2.3206e+04 1.8281e+04 2.5677e+04 1.9428e+04
37.2500 2.1325e+04 1.8046e+04 2.5395e+04 1.8074e+04 2.5373e+04 2.1251e+04 2.1356e+04 2.0901e+04 2.1750e+04 2.3494e+04 1.9723e+04 2.2934e+04 1.8074e+04 2.5373e+04 1.9210e+04
37.3500 2.1080e+04 1.7842e+04 2.5095e+04 1.7870e+04 2.5073e+04 2.1008e+04 2.1108e+04 2.0660e+04 2.1499e+04 2.3222e+04 1.9496e+04 2.2666e+04 1.7870e+04 2.5073e+04 1.8995e+04
37.4500 2.0838e+04 1.7641e+04 2.4799e+04 1.7669e+04 2.4778e+04 2.0769e+04 2.0863e+04 2.0422e+04 2.1252e+04 2.2954e+04 1.9272e+04 2.2402e+04 1.7669e+04 2.4778e+04 1.8782e+04
37.5500 2.0598e+04 1.7443e+04 2.4508e+04 1.7470e+04 2.4486e+04 2.0532e+04 2.0622e+04 2.0188e+04 2.1009e+04 2.2690e+04 1.9052e+04 2.2141e+04 1.7470e+04 2.4486e+04 1.8572e+04
37.6500 2.0363e+04 1.7247e+04 2.4220e+04 1.7274e+04 2.4198e+04 2.0299e+04 2.0384e+04 1.9957e+04 2.0768e+04 2.2429e+04 1.8834e+04 2.1884e+04 1.7274e+04 2.4198e+04 1.8365e+04
37.7500 2.0130e+04 1.7054e+04 2.3936e+04 1.7080e+04 2.3915e+04 2.0069e+04 2.0150e+04 1.9729e+04 2.0531e+04 2.2172e+04 1.8619e+04 2.1630e+04 1.7080e+04 2.3915e+04 1.8161e+04
37.8500 1.9901e+04 1.6863e+04 2.3656e+04 1.6890e+04 2.3635e+04 1.9842e+04 1.9918e+04 1.9504e+04 2.0297e+04 2.1918e+04 1.8407e+04 2.1380e+04 1.6890e+04 2.3635e+04 1.7959e+04
37.9500 1.9674e+04 1.6675e+04 2.3380e+04 1.6701e+04 2.3359e+04 1.9618e+04 1.9690e+04 1.9282e+04 2.0067e+04 2.1668e+04 1.8198e+04 2.1133e+04 1.6701e+04 2.3359e+04 1.7760e+04
38.0500 1.9451e+04 1.6489e+04 2.3108e+04 1.6515e+04 2.3087e+04 1.9397e+04 1.9464e+04 1.9063e+04 1.9839e+04 2.1421e+04 1.7992e+04 2.0889e+04 1.6515e+04 2.3087e+04 1.7564e+04
38.1500 1.9230e+04 1.6306e+04 2.2839e+04 1.6332e+04 2.2819e+04 1.9179e+04 1.9242e+04 1.8847e+04 1.9614e+04 2.1177e+04 1.7788e+04 2.0649e+04 1.6332e+04 2.2819e+04 1.7370e+04
38.2500 1.9013e+04 1.6125e+04 2.2574e+04 1.6150e+04 2.2554e+04 1.8964e+04 1.9023e+04 1.8634e+04 1.9393e+04 2.0937e+04 1.7587e+04 2.0412e+04 1.6150e+04 2.2554e+04 1.7178e+04
38.3500 1.8798e+04 1.5946e+04 2.2313e+04 1.5972e+04 2.2293e+04 1.8751e+04 1.8807e+04 1.8423e+04 1.9174e+04 2.0700e+04 1.7389e+04 2.0178e+04 1.5972e+04 2.2293e+04 1.6989e+04
38.4500 1.8587e+04 1.5770e+04 2.2055e+04 1.5795e+04 2.2036e+04 1.8542e+04 1.8593e+04 1.8216e+04 1.8958e+04 2.0465e+04 1.7193e+04 1.9948e+04 1.5795e+04 2.2036e+04 1.6803e+04
38.5500 1.8378e+04 1.5596e+04 2.1801e+04 1.5621e+04 2.1781e+04 1.8335e+04 1.8383e+04 1.8011e+04 1.8745e+04 2.0234e+04 1.7000e+04 1.9720e+04 1.5621e+04 2.1781e+04 1.6619e+04
38.6500 1.8172e+04 1.5425e+04 2.1550e+04 1.5449e+04 2.1531e+04 1.8131e+04 1.8175e+04 1.7808e+04 1.8535e+04 2.0006e+04 1.6810e+04 1.9496e+04 1.5449e+04 2.1531e+04 1.6437e+04
38.7500 1.7968e+04 1.5255e+04 2.1303e+04 1.5279e+04 2.1284e+04 1.7929e+04 1.7970e+04 1.7609e+04 1.8328e+04 1.9782e+04 1.6622e+04 1.9274e+04 1.5279e+04 2.1284e+04 1.6258e+04
38.8500 1.7768e+04 1.5088e+04 2.1059e+04 1.5112e+04 2.1040e+04 1.7731e+04 1.7768e+04 1.7412e+04 1.8123e+04 1.9560e+04 1.6436e+04 1.9056e+04 1.5112e+04 2.1040e+04 1.6080e+04
38.9500 1.7569e+04 1.4923e+04 2.0818e+04 1.4947e+04 2.0799e+04 1.7534e+04 1.7569e+04 1.7218e+04 1.7921e+04 1.9340e+04 1.6253e+04 1.8840e+04 1.4947e+04 2.0799e+04 1.5906e+04
39.0500 1.7374e+04 1.4760e+04 2.0581e+04 1.4783e+04 2.0562e+04 1.7341e+04 1.7374e+04 1.7026e+04 1.7722e+04 1.9124e+04 1.6073e+04 1.8627e+04 1.4783e+04 2.0562e+04 1.5733e+04
39.1500 1.7181e+04 1.4599e+04 2.0346e+04 1.4622e+04 2.0328e+04 1.7150e+04 1.7181e+04 1.6837e+04 1.7525e+04 1.8911e+04 1.5894e+04 1.8417e+04 1.4622e+04 2.0328e+04 1.5563e+04
39.2500 1.6990e+04 1.4440e+04 2.0115e+04 1.4463e+04 2.0097e+04 1.6961e+04 1.6990e+04 1.6650e+04 1.7331e+04 1.8700e+04 1.5718e+04 1.8210e+04 1.4463e+04 2.0097e+04 1.5394e+04
39.3500 1.6802e+04 1.4283e+04 1.9887e+04 1.4306e+04 1.9869e+04 1.6775e+04 1.6802e+04 1.6466e+04 1.7139e+04 1.8492e+04 1.5545e+04 1.8006e+04 1.4306e+04 1.9869e+04 1.5228e+04
39.4500 1.6617e+04 1.4129e+04 1.9662e+04 1.4151e+04 1.9644e+04 1.6591e+04 1.6617e+04 1.6284e+04 1.6950e+04 1.8287e+04 1.5373e+04 1.7804e+04 1.4151e+04 1.9644e+04 1.5064e+04
39.5500 1.6434e+04 1.3976e+04 1.9440e+04 1.3998e+04 1.9422e+04 1.6409e+04 1.6434e+04 1.6104e+04 1.6763e+04 1.8085e+04 1.5204e+04 1.7605e+04 1.3998e+04 1.9422e+04 1.4902e+04
39.6500 1.6253e+04 1.3825e+04 1.9221e+04 1.3847e+04 1.9203e+04 1.6230e+04 1.6253e+04 1.5927e+04 1.6579e+04 1.7885e+04 1.5037e+04 1.7409e+04 1.3847e+04 1.9203e+04 1.4743e+04
39.7500 1.6075e+04 1.3676e+04 1.9005e+04 1.3698e+04 1.8987e+04 1.6053e+04 1.6075e+04 1.5752e+04 1.6397e+04 1.7688e+04 1.4872e+04 1.7215e+04 1.3698e+04 1.8987e+04 1.4585e+04
39.8500 1.5899e+04 1.3529e+04 1.8791e+04 1.3551e+04 1.8774e+04 1.5879e+04 1.5899e+04 1.5580e+04 1.6218e+04 1.7493e+04 1.4710e+04 1.7024e+04 1.3551e+04 1.8774e+04 1.4429e+04
39.9500 1.5725e+04 1.3384e+04 1.8581e+04 1.3405e+04 1.8563e+04 1.5706e+04 1.5725e+04 1.5409e+04 1.6040e+04 1.7301e+04 1.4549e+04 1.6835e+04 1.3405e+04 1.8563e+04 1.4275e+04
40.0500 1.5553e+04 1.3240e+04 1.8373e+04 1.3262e+04 1.8355e+04 1.5536e+04 1.5553e+04 1.5241e+04 1.5866e+04 1.7111e+04 1.4391e+04 1.6648e+04 1.3262e+04 1.8355e+04 1.4123e+04
40.1500 1.5384e+04 1.3099e+04 1.8168e+04 1.3120e+04 1.8150e+04 1.5368e+04 1.5384e+04 1.5075e+04 1.5693e+04 1.6924e+04 1.4234e+04 1.6465e+04 1.3120e+04 1.8150e+04 1.3973e+04
40.2500 1.5217e+04 1.2959e+04 1.7965e+04 1.2980e+04 1.7948e+04 1.5200e+04 1.5217e+04 1.4911e+04 1.5522e+04 1.6739e+04 1.4080e+04 1.6283e+04 1.2980e+04 1.7948e+04 1.3825e+04
40.3500 1.5052e+04 1.2821e+04 1.7766e+04 1.2842e+04 1.7749e+04 1.5034e+04 1.5052e+04 1.4749e+04 1.5354e+04 1.6557e+04 1.3927e+04 1.6104e+04 1.2842e+04 1.7749e+04 1.3678e+04
40.4500 1.4889e+04 1.2685e+04 1.7568e+04 1.2705e+04 1.7552e+04 1.4870e+04 1.4889e+04 1.4589e+04 1.5188e+04 1.6377e+04 1.3776e+04 1.5927e+04 1.2705e+04 1.7552e+04 1.3534e+04
40.5500 1.4728e+04 1.2550e+04 1.7374e+04 1.2570e+04 1.7357e+04 1.4708e+04 1.4728e+04 1.4432e+04 1.5024e+04 1.6199e+04 1.3628e+04 1.5752e+04 1.2570e+04 1.7357e+04 1.3391e+04
40.6500 1.4569e+04 1.2417e+04 1.7182e+04 1.2437e+04 1.7165e+04 1.4548e+04 1.4569e+04 1.4276e+04 1.4862e+04 1.6023e+04 1.3481e+04 1.5580e+04 1.2437e+04 1.7165e+04 1.3250e+04
40.7500 1.4412e+04 1.2286e+04 1.6992e+04 1.2306e+04 1.6976e+04 1.4391e+04 1.4412e+04 1.4122e+04 1.4702e+04 1.5850e+04 1.3336e+04 1.5410e+04 1.2306e+04 1.6976e+04 1.3111e+04
40.8500 1.4257e+04 1.2156e+04 1.6805e+04 1.2176e+04 1.6789e+04 1.4235e+04 1.4257e+04 1.3970e+04 1.4544e+04 1.5679e+04 1.3193e+04 1.5242e+04 1.2176e+04 1.6789e+04 1.2973e+04
40.9500 1.4104e+04 1.2028e+04 1.6621e+04 1.2048e+04 1.6605e+04 1.4081e+04 1.4104e+04 1.3820e+04 1.4388e+04 1.5510e+04 1.3052e+04 1.5076e+04 1.2048e+04 1.6605e+04 1.2838e+04
41.0500 1.3954e+04 1.1902e+04 1.6438e+04 1.1921e+04 1.6422e+04 1.3930e+04 1.3954e+04 1.3672e+04 1.4235e+04 1.5343e+04 1.2912e+04 1.4913e+04 1.1921e+04 1.6422e+04 1.2703e+04
41.1500 1.3805e+04 1.1777e+04 1.6259e+04 1.1796e+04 1.6243e+04 1.3780e+04 1.3805e+04 1.3526e+04 1.4083e+04 1.5178e+04 1.2774e+04 1.4751e+04 1.1796e+04 1.6243e+04 1.2571e+04
41.2500 1.3657e+04 1.1654e+04 1.6081e+04 1.1673e+04 1.6065e+04 1.3632e+04 1.3657e+04 1.3382e+04 1.3933e+04 1.5016e+04 1.2638e+04 1.4592e+04 1.1673e+04 1.6065e+04 1.2440e+04
41.3500 1.3512e+04 1.1532e+04 1.5906e+04 1.1551e+04 1.5890e+04 1.3486e+04 1.3512e+04 1.3240e+04 1.3784e+04 1.4855e+04 1.2504e+04 1.4435e+04 1.1551e+04 1.5890e+04 1.2311e+04
41.4500 1.3369e+04 1.1412e+04 1.5733e+04 1.1430e+04 1.5717e+04 1.3342e+04 1.3369e+04 1.3099e+04 1.3638e+04 1.4697e+04 1.2372e+04 1.4279e+04 1.1430e+04 1.5717e+04 1.2183e+04
41.5500 1.3227e+04 1.1293e+04 1.5562e+04 1.1311e+04 1.5547e+04 1.3199e+04 1.3227e+04 1.2960e+04 1.3494e+04 1.4540e+04 1.2241e+04 1.4126e+04 1.1311e+04 1.5547e+04 1.2057e+04
41.6500 1.3087e+04 1.1175e+04 1.5393e+04 1.1194e+04 1.5378e+04 1.3059e+04 1.3088e+04 1.2823e+04 1.3351e+04 1.4386e+04 1.2111e+04 1.3974e+04 1.1194e+04 1.5378e+04 1.1932e+04
41.7500 1.2949e+04 1.1059e+04 1.5227e+04 1.1078e+04 1.5212e+04 1.2920e+04 1.2951e+04 1.2687e+04 1.3210e+04 1.4233e+04 1.1984e+04 1.3825e+04 1.1078e+04 1.5212e+04 1.1809e+04
41.8500 1.2812e+04 1.0945e+04 1.5063e+04 1.0963e+04 1.5048e+04 1.2783e+04 1.2816e+04 1.2554e+04 1.3071e+04 1.4082e+04 1.1858e+04 1.3677e+04 1.0963e+04 1.5048e+04 1.1688e+04
41.9500 1.2678e+04 1.0832e+04 1.4900e+04 1.0850e+04 1.4886e+04 1.2648e+04 1.2682e+04 1.2422e+04 1.2934e+04 1.3933e+04 1.1733e+04 1.3531e+04 1.0850e+04 1.4886e+04 1.1567e+04
42.0500 1.2544e+04 1.0720e+04 1.4740e+04 1.0738e+04 1.4725e+04 1.2514e+04 1.2550e+04 1.2291e+04 1.2798e+04 1.3786e+04 1.1610e+04 1.3387e+04 1.0738e+04 1.4725e+04 1.1449e+04
42.1500 1.2413e+04 1.0610e+04 1.4582e+04 1.0627e+04 1.4567e+04 1.2382e+04 1.2419e+04 1.2162e+04 1.2664e+04 1.3641e+04 1.1488e+04 1.3245e+04 1.0627e+04 1.4567e+04 1.1331e+04
42.2500 1.2283e+04 1.0501e+04 1.4426e+04 1.0518e+04 1.4411e+04 1.2252e+04 1.2290e+04 1.2035e+04 1.2532e+04 1.3498e+04 1.1368e+04 1.3105e+04 1.0518e+04 1.4411e+04 1.1216e+04
42.3500 1.2155e+04 1.0393e+04 1.4272e+04 1.0410e+04 1.4257e+04 1.2123e+04 1.2162e+04 1.1909e+04 1.2401e+04 1.3356e+04 1.1250e+04 1.2966e+04 1.0410e+04 1.4257e+04 1.1101e+04
42.4500 1.2028e+04 1.0286e+04 1.4119e+04 1.0304e+04 1.4105e+04 1.1996e+04 1.2036e+04 1.1785e+04 1.2272e+04 1.3216e+04 1.1133e+04 1.2829e+04 1.0304e+04 1.4105e+04 1.0988e+04
42.5500 1.1903e+04 1.0181e+04 1.3969e+04 1.0198e+04 1.3955e+04 1.1870e+04 1.1912e+04 1.1662e+04 1.2144e+04 1.3078e+04 1.1017e+04 1.2694e+04 1.0198e+04 1.3955e+04 1.0876e+04
42.6500 1.1780e+04 1.0077e+04 1.3821e+04 1.0094e+04 1.3807e+04 1.1746e+04 1.1789e+04 1.1541e+04 1.2018e+04 1.2942e+04 1.0903e+04 1.2560e+04 1.0094e+04 1.3807e+04 1.0766e+04
42.7500 1.1658e+04 9.9747e+03 1.3674e+04 9.9916e+03 1.3660e+04 1.1624e+04 1.1668e+04 1.1422e+04 1.1894e+04 1.2807e+04 1.0790e+04 1.2428e+04 9.9916e+03 1.3660e+04 1.0657e+04
42.8500 1.1537e+04 9.8733e+03 1.3529e+04 9.8901e+03 1.3516e+04 1.1503e+04 1.1548e+04 1.1303e+04 1.1771e+04 1.2674e+04 1.0679e+04 1.2298e+04 9.8901e+03 1.3516e+04 1.0549e+04
42.9500 1.1418e+04 9.7731e+03 1.3386e+04 9.7898e+03 1.3373e+04 1.1383e+04 1.1430e+04 1.1187e+04 1.1649e+04 1.2542e+04 1.0568e+04 1.2170e+04 9.7898e+03 1.3373e+04 1.0443e+04
43.0500 1.1300e+04 9.6740e+03 1.3245e+04 9.6906e+03 1.3232e+04 1.1265e+04 1.1313e+04 1.1071e+04 1.1529e+04 1.2412e+04 1.0460e+04 1.2042e+04 9.6906e+03 1.3232e+04 1.0337e+04
43.1500 1.1184e+04 9.5762e+03 1.3106e+04 9.5927e+03 1.3092e+04 1.1148e+04 1.1197e+04 1.0957e+04 1.1411e+04 1.2284e+04 1.0352e+04 1.1917e+04 9.5927e+03 1.3092e+04 1.0233e+04
43.2500 1.1069e+04 9.4795e+03 1.2968e+04 9.4959e+03 1.2955e+04 1.1033e+04 1.1083e+04 1.0845e+04 1.1294e+04 1.2157e+04 1.0246e+04 1.1793e+04 9.4959e+03 1.2955e+04 1.0131e+04
43.3500 1.0956e+04 9.3840e+03 1.2832e+04 9.4002e+03 1.2819e+04 1.0920e+04 1.0970e+04 1.0734e+04 1.1178e+04 1.2032e+04 1.0141e+04 1.1671e+04 9.4002e+03 1.2819e+04 1.0029e+04
43.4500 1.0844e+04 9.2896e+03 1.2698e+04 9.3057e+03 1.2685e+04 1.0807e+04 1.0859e+04 1.0624e+04 1.1064e+04 1.1908e+04 1.0038e+04 1.1550e+04 9.3057e+03 1.2685e+04 9.9287e+03
43.5500 1.0733e+04 9.1964e+03 1.2565e+04 9.2124e+03 1.2552e+04 1.0696e+04 1.0748e+04 1.0515e+04 1.0951e+04 1.1786e+04 9.9354e+03 1.1430e+04 9.2124e+03 1.2552e+04 9.8295e+03
43.6500 1.0624e+04 9.1042e+03 1.2434e+04 9.1201e+03 1.2422e+04 1.0586e+04 1.0640e+04 1.0408e+04 1.0840e+04 1.1665e+04 9.8342e+03 1.1312e+04 9.1201e+03 1.2422e+04 9.7315e+03
43.7500 1.0516e+04 9.0131e+03 1.2305e+04 9.0289e+03 1.2292e+04 1.0478e+04 1.0532e+04 1.0302e+04 1.0729e+04 1.1546e+04 9.7343e+03 1.1196e+04 9.0289e+03 1.2292e+04 9.6346e+03
43.8500 1.0409e+04 8.9231e+03 1.2177e+04 8.9387e+03 1.2165e+04 1.0371e+04 1.0426e+04 1.0198e+04 1.0620e+04 1.1428e+04 9.6356e+03 1.1081e+04 8.9387e+03 1.2165e+04 9.5389e+03
43.9500 1.0304e+04 8.8342e+03 1.2051e+04 8.8497e+03 1.2038e+04 1.0265e+04 1.0321e+04 1.0094e+04 1.0513e+04 1.1312e+04 9.5381e+03 1.0967e+04 8.8497e+03 1.2038e+04 9.4443e+03
44.0500 1.0199e+04 8.7463e+03 1.1926e+04 8.7616e+03 1.1914e+04 1.0161e+04 1.0217e+04 9.9919e+03 1.0407e+04 1.1197e+04 9.4417e+03 1.0854e+04 8.7616e+03 1.1914e+04 9.3507e+03
44.1500 1.0096e+04 8.6594e+03 1.1803e+04 8.6747e+03 1.1791e+04 1.0058e+04 1.0114e+04 9.8909e+03 1.0302e+04 1.1083e+04 9.3465e+03 1.0744e+04 8.6747e+03 1.1791e+04 9.2583e+03
44.2500 9.9945e+03 8.5735e+03 1.1682e+04 8.5887e+03 1.1669e+04 9.9555e+03 1.0013e+04 9.7912e+03 1.0198e+04 1.0971e+04 9.2524e+03 1.0634e+04 8.5887e+03 1.1669e+04 9.1670e+03
44.3500 9.8939e+03 8.4887e+03 1.1562e+04 8.5037e+03 1.1549e+04 9.8547e+03 9.9131e+03 9.6926e+03 1.0095e+04 1.0860e+04 9.1594e+03 1.0525e+04 8.5037e+03 1.1549e+04 9.0767e+03
44.4500 9.7945e+03 8.4048e+03 1.1443e+04 8.4197e+03 1.1430e+04 9.7552e+03 9.8141e+03 9.5952e+03 9.9939e+03 1.0750e+04 9.0675e+03 1.0418e+04 8.4197e+03 1.1430e+04 8.9874e+03
44.5500 9.6964e+03 8.3219e+03 1.1325e+04 8.3367e+03 1.1313e+04 9.6568e+03 9.7163e+03 9.4989e+03 9.8938e+03 1.0642e+04 8.9767e+03 1.0313e+04 8.3367e+03 1.1313e+04 8.8992e+03
44.6500 9.5993e+03 8.2399e+03 1.1210e+04 8.2547e+03 1.1198e+04 9.5595e+03 9.6197e+03 9.4038e+03 9.7948e+03 1.0535e+04 8.8870e+03 1.0208e+04 8.2547e+03 1.1198e+04 8.8120e+03
44.7500 9.5034e+03 8.1589e+03 1.1095e+04 8.1736e+03 1.1083e+04 9.4635e+03 9.5242e+03 9.3098e+03 9.6970e+03 1.0429e+04 8.7983e+03 1.0105e+04 8.1736e+03 1.1083e+04 8.7258e+03
44.8500 9.4086e+03 8.0789e+03 1.0982e+04 8.0934e+03 1.0970e+04 9.3685e+03 9.4298e+03 9.2169e+03 9.6004e+03 1.0324e+04 8.7106e+03 1.0003e+04 8.0934e+03 1.0970e+04 8.6406e+03
44.9500 9.3150e+03 7.9998e+03 1.0870e+04 8.0142e+03 1.0858e+04 9.2747e+03 9.3365e+03 9.1251e+03 9.5049e+03 1.0221e+04 8.6240e+03 9.9020e+03 8.0142e+03 1.0858e+04 8.5563e+03
45.0500 9.2224e+03 7.9216e+03 1.0760e+04 7.9359e+03 1.0748e+04 9.1820e+03 9.2443e+03 9.0344e+03 9.4105e+03 1.0119e+04 8.5384e+03 9.8024e+03 7.9359e+03 1.0748e+04 8.4731e+03
45.1500 9.1310e+03 7.8442e+03 1.0651e+04 7.8584e+03 1.0639e+04 9.0904e+03 9.1532e+03 8.9447e+03 9.3172e+03 1.0018e+04 8.4538e+03 9.7039e+03 7.8584e+03 1.0639e+04 8.3908e+03
45.2500 9.0406e+03 7.7678e+03 1.0543e+04 7.7819e+03 1.0532e+04 8.9999e+03 9.0631e+03 8.8561e+03 9.2250e+03 9.9183e+03 8.3702e+03 9.6067e+03 7.7819e+03 1.0532e+04 8.3094e+03
45.3500 8.9512e+03 7.6922e+03 1.0437e+04 7.7062e+03 1.0425e+04 8.9104e+03 8.9740e+03 8.7685e+03 9.1339e+03 9.8197e+03 8.2876e+03 9.5105e+03 7.7062e+03 1.0425e+04 8.2289e+03
45.4500 8.8629e+03 7.6175e+03 1.0331e+04 7.6314e+03 1.0320e+04 8.8219e+03 8.8860e+03 8.6820e+03 9.0438e+03 9.7223e+03 8.2059e+03 9.4155e+03 7.6314e+03 1.0320e+04 8.1494e+03
45.5500 8.7756e+03 7.5437e+03 1.0227e+04 7.5575e+03 1.0216e+04 8.7345e+03 8.7990e+03 8.5964e+03 8.9548e+03 9.6260e+03 8.1252e+03 9.3217e+03 7.5575e+03 1.0216e+04 8.0708e+03
45.6500 8.6893e+03 7.4707e+03 1.0125e+04 7.4844e+03 1.0114e+04 8.6482e+03 8.7130e+03 8.5118e+03 8.8668e+03 9.5309e+03 8.0454e+03 9.2289e+03 7.4844e+03 1.0114e+04 7.9930e+03
45.7500 8.6040e+03 7.3985e+03 1.0023e+04 7.4121e+03 1.0012e+04 8.5628e+03 8.6280e+03 8.4282e+03 8.7799e+03 9.4368e+03 7.9665e+03 9.1372e+03 7.4121e+03 1.0012e+04 7.9161e+03
45.8500 8.5198e+03 7.3272e+03 9.9229e+03 7.3407e+03 9.9119e+03 8.4784e+03 8.5440e+03 8.3456e+03 8.6939e+03 9.3439e+03 7.8886e+03 9.0466e+03 7.3407e+03 9.9119e+03 7.8401e+03
45.9500 8.4364e+03 7.2567e+03 9.8238e+03 7.2701e+03 9.8128e+03 8.3950e+03 8.4609e+03 8.2639e+03 8.6089e+03 9.2520e+03 7.8115e+03 8.9570e+03 7.2701e+03 9.8128e+03 7.7650e+03
46.0500 8.3541e+03 7.1869e+03 9.7258e+03 7.2002e+03 9.7149e+03 8.3126e+03 8.3788e+03 8.1832e+03 8.5249e+03 9.1611e+03 7.7353e+03 8.8685e+03 7.2002e+03 9.7149e+03 7.6907e+03
46.1500 8.2726e+03 7.1180e+03 9.6290e+03 7.1312e+03 9.6182e+03 8.2311e+03 8.2976e+03 8.1034e+03 8.4419e+03 9.0714e+03 7.6600e+03 8.7810e+03 7.1312e+03 9.6182e+03 7.6173e+03
46.2500 8.1922e+03 7.0498e+03 9.5334e+03 7.0629e+03 9.5226e+03 8.1506e+03 8.2174e+03 8.0245e+03 8.3598e+03 8.9826e+03 7.5856e+03 8.6946e+03 7.0629e+03 9.5226e+03 7.5446e+03
46.3500 8.1126e+03 6.9824e+03 9.4388e+03 6.9954e+03 9.4281e+03 8.0709e+03 8.1380e+03 7.9465e+03 8.2786e+03 8.8949e+03 7.5120e+03 8.6091e+03 6.9954e+03 9.4281e+03 7.4728e+03
46.4500 8.0339e+03 6.9157e+03 9.3454e+03 6.9287e+03 9.3348e+03 7.9922e+03 8.0596e+03 7.8694e+03 8.1984e+03 8.8081e+03 7.4392e+03 8.5246e+03 6.9287e+03 9.3348e+03 7.4018e+03
46.5500 7.9562e+03 6.8498e+03 9.2530e+03 6.8627e+03 9.2425e+03 7.9145e+03 7.9820e+03 7.7932e+03 8.1191e+03 8.7224e+03 7.3673e+03 8.4411e+03 6.8627e+03 9.2425e+03 7.3316e+03
46.6500 7.8793e+03 6.7847e+03 9.1617e+03 6.7975e+03 9.1513e+03 7.8376e+03 7.9054e+03 7.7179e+03 8.0407e+03 8.6377e+03 7.2962e+03 8.3586e+03 6.7975e+03 9.1513e+03 7.2621e+03
46.7500 7.8033e+03 6.7203e+03 9.0715e+03 6.7329e+03 9.0611e+03 7.7615e+03 7.8295e+03 7.6434e+03 7.9632e+03 8.5539e+03 7.2259e+03 8.2770e+03 6.7329e+03 9.0611e+03 7.1935e+03
46.8500 7.7282e+03 6.6565e+03 8.9823e+03 6.6691e+03 8.9720e+03 7.6864e+03 7.7546e+03 7.5698e+03 7.8866e+03 8.4710e+03 7.1564e+03 8.1963e+03 6.6691e+03 8.9720e+03 7.1256e+03
46.9500 7.6539e+03 6.5935e+03 8.8942e+03 6.6061e+03 8.8840e+03 7.6121e+03 7.6805e+03 7.4969e+03 7.8108e+03 8.3891e+03 7.0877e+03 8.1166e+03 6.6061e+03 8.8840e+03 7.0584e+03
47.0500 7.5804e+03 6.5312e+03 8.8071e+03 6.5437e+03 8.7969e+03 7.5386e+03 7.6072e+03 7.4250e+03 7.7359e+03 8.3082e+03 7.0198e+03 8.0378e+03 6.5437e+03 8.7969e+03 6.9920e+03
47.1500 7.5078e+03 6.4696e+03 8.7210e+03 6.4820e+03 8.7109e+03 7.4660e+03 7.5347e+03 7.3538e+03 7.6619e+03 8.2281e+03 6.9526e+03 7.9599e+03 6.4820e+03 8.7109e+03 6.9263e+03
47.2500 7.4360e+03 6.4087e+03 8.6359e+03 6.4210e+03 8.6258e+03 7.3942e+03 7.4631e+03 7.2834e+03 7.5886e+03 8.1490e+03 6.8862e+03 7.8828e+03 6.4210e+03 8.6258e+03 6.8614e+03
47.3500 7.3650e+03 6.3485e+03 8.5517e+03 6.3606e+03 8.5417e+03 7.3232e+03 7.3922e+03 7.2138e+03 7.5162e+03 8.0707e+03 6.8205e+03 7.8067e+03 6.3606e+03 8.5417e+03 6.7971e+03
47.4500 7.2948e+03 6.2889e+03 8.4686e+03 6.3010e+03 8.4586e+03 7.2531e+03 7.3222e+03 7.1450e+03 7.4446e+03 7.9934e+03 6.7556e+03 7.7314e+03 6.3010e+03 8.4586e+03 6.7336e+03
47.5500 7.2254e+03 6.2299e+03 8.3863e+03 6.2420e+03 8.3765e+03 7.1837e+03 7.2529e+03 7.0770e+03 7.3739e+03 7.9169e+03 6.6914e+03 7.6570e+03 6.2420e+03 8.3765e+03 6.6708e+03
47.6500 7.1568e+03 6.1717e+03 8.3051e+03 6.1836e+03 8.2953e+03 7.1151e+03 7.1844e+03 7.0098e+03 7.3039e+03 7.8412e+03 6.6279e+03 7.5834e+03 6.1836e+03 8.2953e+03 6.6086e+03
47.7500 7.0889e+03 6.1140e+03 8.2247e+03 6.1259e+03 8.2150e+03 7.0472e+03 7.1166e+03 6.9432e+03 7.2346e+03 7.7664e+03 6.5651e+03 7.5106e+03 6.1259e+03 8.2150e+03 6.5472e+03
47.8500 7.0218e+03 6.0570e+03 8.1453e+03 6.0688e+03 8.1356e+03 6.9802e+03 7.0496e+03 6.8775e+03 7.1662e+03 7.6925e+03 6.5031e+03 7.4387e+03 6.0688e+03 8.1356e+03 6.4864e+03
47.9500 6.9555e+03 6.0007e+03 8.0667e+03 6.0124e+03 8.0571e+03 6.9139e+03 6.9834e+03 6.8124e+03 7.0985e+03 7.6193e+03 6.4417e+03 7.3676e+03 6.0124e+03 8.0571e+03 6.4262e+03
48.0500 6.8899e+03 5.9449e+03 7.9891e+03 5.9565e+03 7.9796e+03 6.8483e+03 6.9179e+03 6.7481e+03 7.0316e+03 7.5470e+03 6.3810e+03 7.2972e+03 5.9565e+03 7.9796e+03 6.3668e+03
48.1500 6.8250e+03 5.8897e+03 7.9123e+03 5.9013e+03 7.9029e+03 6.7834e+03 6.8531e+03 6.6845e+03 6.9654e+03 7.4755e+03 6.3209e+03 7.2277e+03 5.9013e+03 7.9029e+03 6.3079e+03
48.2500 6.7608e+03 5.8352e+03 7.8364e+03 5.8467e+03 7.8270e+03 6.7193e+03 6.7890e+03 6.6216e+03 6.8999e+03 7.4048e+03 6.2616e+03 7.1589e+03 5.8467e+03 7.8270e+03 6.2498e+03
48.3500 6.6973e+03 5.7812e+03 7.7614e+03 5.7926e+03 7.7521e+03 6.6559e+03 6.7256e+03 6.5594e+03 6.8352e+03 7.3348e+03 6.2029e+03 7.0910e+03 5.7926e+03 7.7521e+03 6.1922e+03
48.4500 6.6346e+03 5.7279e+03 7.6872e+03 5.7392e+03 7.6779e+03 6.5932e+03 6.6629e+03 6.4979e+03 6.7712e+03 7.2657e+03 6.1448e+03 7.0237e+03 5.7392e+03 7.6779e+03 6.1353e+03
48.5500 6.5725e+03 5.6751e+03 7.6139e+03 5.6863e+03 7.6046e+03 6.5312e+03 6.6009e+03 6.4371e+03 6.7079e+03 7.1973e+03 6.0874e+03 6.9572e+03 5.6863e+03 7.6046e+03 6.0789e+03
48.6500 6.5111e+03 5.6229e+03 7.5414e+03 5.6340e+03 7.5322e+03 6.4698e+03 6.5396e+03 6.3769e+03 6.6453e+03 7.1296e+03 6.0306e+03 6.8915e+03 5.6340e+03 7.5322e+03 6.0232e+03
48.7500 6.4504e+03 5.5712e+03 7.4696e+03 5.5823e+03 7.4605e+03 6.4092e+03 6.4789e+03 6.3174e+03 6.5834e+03 7.0628e+03 5.9744e+03 6.8265e+03 5.5823e+03 7.4605e+03 5.9681e+03
48.8500 6.3903e+03 5.5201e+03 7.3987e+03 5.5311e+03 7.3897e+03 6.3492e+03 6.4189e+03 6.2586e+03 6.5221e+03 6.9966e+03 5.9189e+03 6.7622e+03 5.5311e+03 7.3897e+03 5.9136e+03
48.9500 6.3309e+03 5.4696e+03 7.3286e+03 5.4805e+03 7.3196e+03 6.2899e+03 6.3596e+03 6.2004e+03 6.4615e+03 6.9311e+03 5.8639e+03 6.6986e+03 5.4805e+03 7.3196e+03 5.8597e+03
49.0500 6.2722e+03 5.4196e+03 7.2593e+03 5.4305e+03 7.2504e+03 6.2312e+03 6.3009e+03 6.1428e+03 6.4016e+03 6.8664e+03 5.8096e+03 6.6358e+03 5.4305e+03 7.2504e+03 5.8063e+03
49.1500 6.2141e+03 5.3701e+03 7.1907e+03 5.3809e+03 7.1819e+03 6.1732e+03 6.2428e+03 6.0858e+03 6.3424e+03 6.8024e+03 5.7558e+03 6.5736e+03 5.3809e+03 7.1819e+03 5.7536e+03
49.2500 6.1566e+03 5.3212e+03 7.1229e+03 5.3319e+03 7.1141e+03 6.1158e+03 6.1854e+03 6.0295e+03 6.2837e+03 6.7391e+03 5.7026e+03 6.5121e+03 5.3319e+03 7.1141e+03 5.7013e+03
49.3500 6.0998e+03 5.2728e+03 7.0559e+03 5.2835e+03 7.0471e+03 6.0591e+03 6.1286e+03 5.9738e+03 6.2258e+03 6.6765e+03 5.6501e+03 6.4513e+03 5.2835e+03 7.0471e+03 5.6497e+03
49.4500 6.0436e+03 5.2249e+03 6.9896e+03 5.2355e+03 6.9809e+03 6.0029e+03 6.0724e+03 5.9187e+03 6.1684e+03 6.6146e+03 5.5980e+03 6.3911e+03 5.2355e+03 6.9809e+03 5.5986e+03
49.5500 5.9879e+03 5.1775e+03 6.9240e+03 5.1881e+03 6.9154e+03 5.9474e+03 6.0168e+03 5.8642e+03 6.1117e+03 6.5533e+03 5.5466e+03 6.3316e+03 5.1881e+03 6.9154e+03 5.5480e+03
49.6500 5.9329e+03 5.1307e+03 6.8592e+03 5.1411e+03 6.8506e+03 5.8925e+03 5.9618e+03 5.8103e+03 6.0556e+03 6.4927e+03 5.4957e+03 6.2728e+03 5.1411e+03 6.8506e+03 5.4980e+03
49.7500 5.8785e+03 5.0843e+03 6.7951e+03 5.0947e+03 6.7865e+03 5.8382e+03 5.9074e+03 5.7569e+03 6.0001e+03 6.4328e+03 5.4453e+03 6.2146e+03 5.0947e+03 6.7865e+03 5.4485e+03
49.8500 5.8247e+03 5.0384e+03 6.7317e+03 5.0488e+03 6.7232e+03 5.7844e+03 5.8536e+03 5.7042e+03 5.9451e+03 6.3735e+03 5.3955e+03 6.1570e+03 5.0488e+03 6.7232e+03 5.3995e+03
49.9500 5.7714e+03 4.9930e+03 6.6689e+03 5.0033e+03 6.6605e+03 5.7313e+03 5.8003e+03 5.6520e+03 5.8908e+03 6.3148e+03 5.3462e+03 6.1001e+03 5.0033e+03 6.6605e+03 5.3510e+03
